x [pixel];y [pixel];x-displacement [pixel];y-displacement [pixel];Displacement [pixel];Transverse strain Exx - GL [S];Axial strain Eyy - GL [S];Shear strain Exy - GL [S]
655;655;6.84374;-186.134;186.26;-0.085312;0.17459;0.0216588
678;655;4.71046;-187.956;188.015;-0.0567605;0.239241;0.0780058
701;655;4.11684;-187.931;187.976;-0.0216516;0.191343;0.0875604
724;655;3.70291;-188.18;188.216;-0.0146154;0.173193;0.0782531
747;655;3.43906;-188.14;188.171;-0.00757033;0.163792;0.0769641
770;655;3.35267;-187.931;187.961;0.00148911;0.157458;0.0644216
793;655;3.50744;-188.222;188.255;0.00173049;0.163087;0.0524346
816;655;3.43185;-188.112;188.143;-0.00514172;0.160387;0.0490666
839;655;3.27027;-188.165;188.193;-0.00766471;0.166498;0.0413443
862;655;3.07734;-188.34;188.365;-0.00213114;0.1699;0.0448213
885;655;3.17206;-188.082;188.108;-0.00277152;0.143608;0.0366629
908;655;2.94952;-188.222;188.245;-0.00388934;0.144093;0.0277824
931;655;2.99082;-188.507;188.531;-0.00244146;0.150789;0.0223003
954;655;2.83648;-188.455;188.476;-0.00812586;0.140178;0.024376
977;655;2.61541;-188.417;188.435;-0.00441243;0.14126;0.0223662
1000;655;2.63306;-188.465;188.483;0.000823659;0.142997;0.0179398
1023;655;2.65266;-188.657;188.675;-0.00143473;0.146768;0.0117647
1046;655;2.56611;-188.754;188.771;-0.00303139;0.154956;0.00821618
1069;655;2.5127;-188.825;188.842;0.00310564;0.150777;0.00977068
1092;655;2.70816;-188.521;188.54;0.00102225;0.139727;0.00676151
1115;655;2.55783;-188.411;188.428;-0.00315133;0.126067;0.00330235
1138;655;2.56284;-188.413;188.431;-0.000152314;0.121399;0.00102164
1161;655;2.55052;-188.245;188.263;-0.00616798;0.117465;-0.00319358
1184;655;2.27819;-188.35;188.364;-0.0029017;0.125071;-0.00617589
1207;655;2.41608;-188.512;188.527;0.0030128;0.132375;-0.0114372
1230;655;2.41638;-188.481;188.496;0.00267657;0.124858;-0.0120032
1253;655;2.53873;-188.681;188.698;0.00263764;0.121771;-0.0205838
1276;655;2.53482;-188.983;189;0.000203033;0.126194;-0.0254527
1299;655;2.54621;-189.094;189.111;-0.00313445;0.126384;-0.0225278
1322;655;2.39038;-189.031;189.046;-0.000202172;0.111137;-0.0225209
1345;655;2.53688;-189.146;189.163;0.00459168;0.111021;-0.0266163
1368;655;2.60104;-189.115;189.133;-0.000303195;0.11276;-0.0351138
1391;655;2.52275;-189.273;189.29;-0.000668908;0.116785;-0.0383233
1414;655;2.56886;-189.474;189.492;-0.000617095;0.117485;-0.0367508
1437;655;2.49436;-189.259;189.276;-0.012932;0.112528;-0.0332273
1460;655;1.96785;-189.023;189.033;0.000130385;0.100857;-0.0336141
1483;655;2.50015;-189.124;189.141;0.0075955;0.0968211;-0.0516703
1506;655;2.31482;-189.344;189.358;-0.00529787;0.11058;-0.0517824
1529;655;2.25539;-189.318;189.331;0.00662531;0.115333;-0.0598836
1552;655;2.61855;-189.393;189.411;0.00423878;0.120918;-0.0754067
1575;655;2.44973;-189.466;189.482;-0.00902271;0.148676;-0.0827656
1598;655;2.20144;-189.265;189.278;-0.0267628;0.16975;-0.0831169
1621;655;1.18846;-188.377;188.381;-0.0423269;0.239;-0.0890461
655;678;10.2556;-182.637;182.925;-0.0246389;0.22503;0.0622867
678;678;9.66761;-183.433;183.687;-0.0396078;0.255584;0.0772799
701;678;8.36758;-184.222;184.412;-0.0460429;0.214599;0.0707427
724;678;7.47838;-184.76;184.912;-0.0320657;0.202028;0.0723665
747;678;6.86352;-184.861;184.989;-0.0240497;0.198065;0.074209
770;678;6.35845;-184.729;184.838;-0.018197;0.183831;0.0646528
793;678;6.0187;-184.855;184.953;-0.014909;0.182788;0.0546735
816;678;5.66742;-184.774;184.861;-0.0150864;0.180439;0.0527127
839;678;5.31911;-184.689;184.766;-0.0123546;0.181696;0.0472117
862;678;5.09555;-184.794;184.864;-0.0112739;0.179273;0.0393995
885;678;4.79621;-185.037;185.1;-0.0133761;0.165555;0.0313995
908;678;4.47459;-185.162;185.216;-0.0138836;0.166429;0.0302616
931;678;4.15235;-185.293;185.339;-0.0120604;0.169848;0.0230853
954;678;3.91549;-185.452;185.493;-0.0107617;0.166904;0.0235218
977;678;3.65451;-185.39;185.426;-0.00697705;0.167705;0.023898
1000;678;3.59339;-185.4;185.435;-0.00639843;0.166105;0.0184724
1023;678;3.35909;-185.507;185.538;-0.0119142;0.16833;0.0143154
1046;678;3.04202;-185.434;185.459;-0.0114714;0.169665;0.0107915
1069;678;2.82827;-185.587;185.609;-0.00557773;0.167303;0.00709772
1092;678;2.78467;-185.505;185.526;-0.00387165;0.157607;0.00381526
1115;678;2.64975;-185.674;185.693;-0.00577079;0.15301;-0.00098001
1138;678;2.51766;-185.773;185.79;-0.00611918;0.152145;-0.00247431
1161;678;2.3674;-185.687;185.702;-0.00811382;0.146569;-0.00349072
1184;678;2.14269;-185.634;185.646;-0.00870993;0.152739;-0.00581939
1207;678;1.96496;-185.65;185.66;-0.00396194;0.155745;-0.0119499
1230;678;1.95987;-185.773;185.783;-0.00194992;0.15018;-0.0176754
1253;678;1.87351;-186.041;186.051;-0.00783724;0.150269;-0.0248331
1276;678;1.59532;-186.261;186.268;-0.00734267;0.151899;-0.0267246
1299;678;1.53331;-186.371;186.377;-0.00457539;0.150845;-0.0280309
1322;678;1.38294;-186.623;186.628;-0.0036274;0.14794;-0.0320948
1345;678;1.3646;-186.748;186.753;-0.00709178;0.147056;-0.0327451
1368;678;1.05549;-186.7;186.703;-0.00880563;0.147923;-0.0370768
1391;678;0.957729;-186.776;186.778;-0.00401923;0.145539;-0.0404602
1414;678;0.869435;-186.971;186.973;-0.00572741;0.150453;-0.0417904
1437;678;0.693421;-186.866;186.867;-0.0112701;0.149448;-0.0458326
1460;678;0.347924;-186.862;186.862;-0.00819117;0.142014;-0.0500536
1483;678;0.314517;-187.091;187.091;-0.00693708;0.139963;-0.057982
1506;678;0.0273914;-187.031;187.031;-0.0165686;0.153196;-0.0579227
1529;678;-0.454289;-186.947;186.948;-0.0168475;0.155694;-0.0676825
1552;678;-0.754255;-186.985;186.987;-0.0216993;0.166143;-0.0757576
1575;678;-1.46517;-186.563;186.568;-0.034255;0.187909;-0.0787347
1598;678;-2.36799;-186.041;186.056;-0.056156;0.223449;-0.0697755
1621;678;-4.20468;-183.94;183.988;-0.0724969;0.327285;-0.0489825
655;701;14.6703;-177.297;177.903;-0.0225675;0.268394;0.0627928
678;701;14.1272;-178.198;178.757;-0.0428046;0.265034;0.0550432
701;701;12.5971;-179.596;180.037;-0.0573552;0.253213;0.0536747
724;701;11.3615;-180.214;180.571;-0.0465465;0.245338;0.0661216
747;701;10.399;-180.235;180.534;-0.0416275;0.233007;0.0637538
770;701;9.40427;-180.477;180.722;-0.0368862;0.220304;0.0542527
793;701;8.66714;-180.716;180.923;-0.0266632;0.212883;0.0536167
816;701;8.16059;-180.659;180.843;-0.0209685;0.20715;0.0513688
839;701;7.69219;-180.635;180.799;-0.0216442;0.20499;0.0440286
862;701;7.15341;-180.879;181.02;-0.0249007;0.200568;0.0358067
885;701;6.52955;-181.116;181.234;-0.0232133;0.197775;0.0305831
908;701;6.07171;-181.207;181.309;-0.0225316;0.198171;0.0287854
931;701;5.48068;-181.323;181.405;-0.0200883;0.192906;0.0262868
954;701;5.13785;-181.379;181.452;-0.0153482;0.197244;0.0259715
977;701;4.76916;-181.303;181.366;-0.0142131;0.198958;0.0218079
1000;701;4.47932;-181.403;181.458;-0.0160271;0.195786;0.014454
1023;701;4.02551;-181.492;181.536;-0.0175574;0.197161;0.012248
1046;701;3.66429;-181.53;181.567;-0.0166771;0.191081;0.00899559
1069;701;3.25143;-181.689;181.718;-0.0108811;0.19264;0.00474499
1092;701;3.16038;-181.769;181.796;-0.0103044;0.189341;0.00359879
1115;701;2.7747;-181.842;181.863;-0.0174967;0.195315;-0.00128779
1138;701;2.34823;-181.879;181.894;-0.0152431;0.193262;-0.00443488
1161;701;2.06799;-181.938;181.95;-0.0140877;0.189559;-0.00504219
1184;701;1.69548;-181.795;181.803;-0.0128667;0.188324;-0.00952114
1207;701;1.47216;-181.841;181.847;-0.009965;0.18465;-0.0154008
1230;701;1.23413;-182.039;182.043;-0.0145448;0.18835;-0.0202636
1253;701;0.796305;-182.251;182.253;-0.0171313;0.192087;-0.02618
1276;701;0.436869;-182.5;182.501;-0.0091943;0.18703;-0.0279918
1299;701;0.369593;-182.657;182.658;-0.0125191;0.186654;-0.028272
1322;701;-0.143227;-182.727;182.727;-0.0167528;0.191954;-0.0325355
1345;701;-0.408252;-182.9;182.9;-0.0143436;0.191878;-0.0379364
1368;701;-0.808037;-182.862;182.864;-0.0107663;0.195042;-0.0406433
1391;701;-0.906718;-183.118;183.12;-0.00836158;0.192467;-0.045905
1414;701;-1.19516;-183.143;183.147;-0.0212671;0.196704;-0.0440507
1437;701;-1.89575;-183.017;183.027;-0.0262563;0.188262;-0.0506396
1460;701;-2.41927;-183.083;183.099;-0.0168818;0.194471;-0.0612374
1483;701;-2.68013;-183.341;183.361;-0.018339;0.203256;-0.063796
1506;701;-3.27075;-183.065;183.094;-0.0310325;0.210779;-0.0659768
1529;701;-4.13158;-183.029;183.076;-0.0359707;0.212693;-0.0724977
1552;701;-4.95685;-182.841;182.908;-0.0436038;0.227495;-0.0732763
1575;701;-6.19081;-182.206;182.311;-0.0614636;0.247293;-0.0659383
1598;701;-7.9221;-180.867;181.04;-0.0604745;0.276238;-0.019979
1621;701;-9.48567;-176.178;176.433;-0.0448872;0.479944;0.0417441
655;724;18.436;-172.202;173.186;-0.0215042;0.242153;0.0499769
678;724;17.9167;-173.134;174.058;-0.0457928;0.254811;0.0415615
701;724;16.2281;-174.313;175.066;-0.0670254;0.262471;0.0413125
724;724;14.6792;-175.061;175.675;-0.0608613;0.252186;0.0469877
747;724;13.3202;-175.54;176.045;-0.0535066;0.235144;0.0481619
770;724;12.1416;-175.821;176.24;-0.0426409;0.230937;0.0460939
793;724;11.3103;-176.184;176.546;-0.0371334;0.230261;0.0452386
816;724;10.3982;-176.274;176.58;-0.0338246;0.222941;0.0459297
839;724;9.72711;-176.246;176.514;-0.0287135;0.216375;0.0380749
862;724;9.05737;-176.488;176.721;-0.0352282;0.215062;0.0296931
885;724;8.07361;-176.795;176.979;-0.0346289;0.214096;0.0279005
908;724;7.43408;-176.886;177.042;-0.0266817;0.210995;0.0239134
931;724;6.82753;-177.208;177.339;-0.0239316;0.20717;0.024634
954;724;6.31874;-177.185;177.297;-0.0238046;0.210737;0.0266408
977;724;5.71886;-177.042;177.134;-0.0246275;0.207391;0.0207612
1000;724;5.17156;-177.159;177.235;-0.0227861;0.206885;0.0135233
1023;724;4.65818;-177.205;177.267;-0.0226037;0.211064;0.0110537
1046;724;4.11929;-177.365;177.413;-0.0236997;0.206253;0.00659262
1069;724;3.55409;-177.451;177.487;-0.0176328;0.204816;0.00683438
1092;724;3.30071;-177.495;177.526;-0.0192145;0.209631;0.00257343
1115;724;2.66156;-177.429;177.449;-0.0232462;0.207261;-0.00225402
1138;724;2.21852;-177.608;177.622;-0.0186161;0.202351;-0.00484047
1161;724;1.79645;-177.669;177.678;-0.0231741;0.205723;-0.00534927
1184;724;1.13982;-177.671;177.675;-0.0209463;0.201896;-0.0109416
1207;724;0.822308;-177.834;177.836;-0.0126126;0.199799;-0.0156482
1230;724;0.5557;-177.818;177.819;-0.0182534;0.206693;-0.0161574
1253;724;-0.0253173;-177.955;177.955;-0.0231116;0.202688;-0.0251702
1276;724;-0.523539;-178.381;178.382;-0.0173128;0.203499;-0.0279875
1299;724;-0.832208;-178.516;178.518;-0.0182588;0.201714;-0.029461
1322;724;-1.37168;-178.579;178.584;-0.0253883;0.202807;-0.0312548
1345;724;-2.01585;-178.742;178.754;-0.0234917;0.206251;-0.0327183
1368;724;-2.4653;-178.58;178.597;-0.020504;0.206601;-0.035629
1391;724;-2.96893;-178.784;178.809;-0.0199553;0.211586;-0.0451368
1414;724;-3.39334;-178.839;178.871;-0.0256275;0.209854;-0.0502363
1437;724;-4.16452;-179.115;179.164;-0.0342673;0.20437;-0.0472056
1460;724;-4.99767;-178.914;178.983;-0.0325443;0.212798;-0.0509059
1483;724;-5.68744;-178.868;178.958;-0.0346425;0.22662;-0.0568656
1506;724;-6.62101;-178.59;178.713;-0.0417798;0.228227;-0.0605022
1529;724;-7.65275;-178.502;178.666;-0.047012;0.23656;-0.0626547
1552;724;-8.83978;-178.091;178.31;-0.0593994;0.254303;-0.0579205
1575;724;-10.4957;-177.056;177.367;-0.0712425;0.270013;-0.0480768
1598;724;-12.316;-175.595;176.027;-0.0460429;0.270837;0.0633015
1621;724;-14.007;-166.292;166.881;0.0109832;0.329686;0.176496
655;747;21.6781;-167.694;169.09;-0.0352909;0.245733;0.0461775
678;747;20.8482;-168.08;169.368;-0.0513145;0.251145;0.0348009
701;747;19.2284;-169.18;170.269;-0.0676477;0.249193;0.0281524
724;747;17.5739;-170.136;171.042;-0.0659462;0.241206;0.0343576
747;747;16.0591;-170.745;171.499;-0.0613532;0.237699;0.0403237
770;747;14.6484;-171.107;171.733;-0.0527816;0.238368;0.0428987
793;747;13.5594;-171.339;171.875;-0.0432198;0.233554;0.0393782
816;747;12.6134;-171.525;171.989;-0.0423967;0.226654;0.037278
839;747;11.5643;-171.711;172.1;-0.0413635;0.221737;0.0315248
862;747;10.6672;-171.981;172.311;-0.0400266;0.216902;0.0262874
885;747;9.68163;-172.233;172.505;-0.0389283;0.223451;0.0284881
908;747;8.83802;-172.423;172.649;-0.0323297;0.218801;0.0248795
931;747;8.16734;-172.683;172.876;-0.0297683;0.218065;0.0254123
954;747;7.44738;-172.584;172.745;-0.0314488;0.217524;0.0232418
977;747;6.69716;-172.622;172.752;-0.0319852;0.213162;0.0183302
1000;747;5.95151;-172.728;172.831;-0.0295501;0.213716;0.0186813
1023;747;5.31715;-172.651;172.732;-0.0292594;0.216868;0.0135116
1046;747;4.58508;-172.867;172.928;-0.0271385;0.22006;0.00466332
1069;747;4.0493;-173.08;173.127;-0.0259711;0.210538;0.00763796
1092;747;3.37436;-172.968;173.001;-0.0289141;0.216992;0.00219394
1115;747;2.69942;-173.132;173.153;-0.0254861;0.211632;-0.00414825
1138;747;2.18496;-173.36;173.374;-0.0227386;0.211434;-0.00366479
1161;747;1.641;-173.29;173.298;-0.0282498;0.211338;-0.00417214
1184;747;0.866533;-173.299;173.302;-0.0310387;0.208619;-0.00790939
1207;747;0.190104;-173.436;173.436;-0.0215064;0.208614;-0.0123125
1230;747;-0.133688;-173.368;173.369;-0.0232219;0.20965;-0.0187144
1253;747;-0.891862;-173.745;173.747;-0.0293188;0.211653;-0.0266384
1276;747;-1.50679;-173.971;173.978;-0.0270058;0.215831;-0.0257059
1299;747;-2.15391;-174.221;174.234;-0.0281234;0.22228;-0.0288183
1322;747;-2.8201;-174.256;174.279;-0.0286181;0.219188;-0.0305857
1345;747;-3.48984;-174.317;174.351;-0.0275245;0.217713;-0.0307888
1368;747;-4.10415;-174.278;174.326;-0.0287166;0.212649;-0.0343706
1391;747;-4.83038;-174.382;174.449;-0.0306418;0.219435;-0.0432854
1414;747;-5.53654;-174.505;174.593;-0.0315108;0.223053;-0.0487579
1437;747;-6.30399;-174.598;174.712;-0.0431749;0.231067;-0.0465399
1460;747;-7.56754;-174.402;174.566;-0.0466719;0.22824;-0.0447457
1483;747;-8.50534;-174.195;174.402;-0.0419785;0.231246;-0.0501297
1506;747;-9.54367;-173.906;174.168;-0.0489572;0.237523;-0.0501941
1529;747;-10.8194;-173.6;173.937;-0.0621896;0.249017;-0.0467898
1552;747;-12.5123;-172.849;173.301;-0.0717874;0.25842;-0.0395605
1575;747;-14.292;-171.699;172.293;-0.070278;0.263795;-0.0325472
1598;747;-15.9427;-170.317;171.062;-0.0530804;0.257983;0.0435158
1621;747;-17.5862;-163.479;164.422;-0.0246967;0.144575;0.105834
655;770;23.8172;-162.283;164.021;-0.0254457;0.262038;0.029746
678;770;23.2128;-163.002;164.646;-0.0437538;0.246614;0.0200662
701;770;21.7134;-164.273;165.701;-0.0638774;0.243376;0.0165195
724;770;20.1116;-165.318;166.537;-0.0660648;0.244277;0.0263451
747;770;18.5355;-165.91;166.942;-0.0636565;0.243366;0.0354792
770;770;17.0759;-166.14;167.015;-0.0610558;0.240802;0.0358108
793;770;15.6295;-166.634;167.366;-0.0552965;0.231629;0.031902
816;770;14.4498;-166.967;167.591;-0.0487779;0.23413;0.0321516
839;770;13.3257;-167.096;167.627;-0.0470214;0.232787;0.0293131
862;770;12.2302;-167.499;167.945;-0.0418553;0.221113;0.027145
885;770;11.3558;-167.56;167.945;-0.0398639;0.223106;0.0284181
908;770;10.3573;-167.809;168.128;-0.0407608;0.223755;0.0220466
931;770;9.43709;-168.144;168.408;-0.04052;0.222962;0.0221259
954;770;8.45293;-168.121;168.333;-0.0383109;0.222512;0.0218767
977;770;7.63967;-168.138;168.312;-0.0315391;0.218036;0.016993
1000;770;6.97837;-168.23;168.375;-0.0326888;0.21899;0.0167646
1023;770;6.11057;-168.145;168.256;-0.040208;0.214074;0.0140488
1046;770;5.09;-168.171;168.248;-0.0364508;0.221166;0.00527386
1069;770;4.39954;-168.622;168.679;-0.0324113;0.217712;0.00344985
1092;770;3.57345;-168.412;168.449;-0.0352193;0.216297;0.00759061
1115;770;2.74982;-168.55;168.573;-0.0322146;0.221872;-0.00329903
1138;770;2.06572;-168.738;168.75;-0.0304385;0.224834;-0.00697863
1161;770;1.32694;-168.804;168.81;-0.0320189;0.218601;-0.00872551
1184;770;0.568141;-168.912;168.913;-0.0337085;0.214427;-0.00963231
1207;770;-0.251576;-169.083;169.083;-0.0299507;0.208751;-0.0115243
1230;770;-0.83103;-169.034;169.036;-0.0333182;0.215399;-0.0148103
1253;770;-1.81064;-169.105;169.115;-0.0328541;0.223073;-0.0229016
1276;770;-2.36928;-169.372;169.389;-0.0299433;0.223994;-0.0229838
1299;770;-3.20964;-169.28;169.311;-0.0380032;0.231846;-0.02259
1322;770;-4.1521;-169.48;169.531;-0.0360914;0.229325;-0.0341371
1345;770;-4.90298;-169.706;169.776;-0.0318453;0.228234;-0.0341176
1368;770;-5.64193;-169.754;169.848;-0.0403409;0.227926;-0.0329516
1391;770;-6.79769;-169.739;169.875;-0.0449823;0.228069;-0.0371553
1414;770;-7.75992;-169.695;169.872;-0.0420541;0.230308;-0.0423331
1437;770;-8.7747;-169.684;169.911;-0.0440028;0.237985;-0.0463851
1460;770;-9.83074;-169.609;169.894;-0.0498831;0.235822;-0.0422666
1483;770;-11.13;-169.505;169.87;-0.0509125;0.231159;-0.0405092
1506;770;-12.2398;-169.006;169.448;-0.0526317;0.243341;-0.0407051
1529;770;-13.6295;-168.519;169.069;-0.0638233;0.25108;-0.0383626
1552;770;-15.2926;-167.806;168.502;-0.0715043;0.251355;-0.0282005
1575;770;-17.0894;-166.586;167.46;-0.0725726;0.24996;-0.0210171
1598;770;-18.8336;-165.334;166.404;-0.0549582;0.241755;0.0259331
1621;770;-20.1307;-160.424;161.682;-0.0320154;0.224869;0.0808664
655;793;26.3054;-157.095;159.282;-0.0409537;0.256234;0.020779
678;793;25.3228;-158.048;160.064;-0.05028;0.243805;0.0114502
701;793;23.8763;-159.284;161.063;-0.0621184;0.238899;0.0105558
724;793;22.316;-160.214;161.761;-0.0676555;0.241236;0.0209502
747;793;20.6227;-160.843;162.159;-0.0671314;0.244793;0.0271127
770;793;19.1031;-161.293;162.42;-0.060646;0.237686;0.0244062
793;793;17.731;-161.852;162.82;-0.0586804;0.230349;0.0295704
816;793;16.3152;-161.91;162.729;-0.0561069;0.230213;0.0307253
839;793;15.0724;-162.133;162.832;-0.0518005;0.233536;0.0216877
862;793;13.8575;-162.83;163.419;-0.0480919;0.231367;0.0213462
885;793;12.7956;-163.002;163.503;-0.0460696;0.228929;0.0232836
908;793;11.6859;-163.153;163.57;-0.0448585;0.230302;0.0182336
931;793;10.6816;-163.426;163.775;-0.0456496;0.230299;0.0188678
954;793;9.53545;-163.327;163.605;-0.0473807;0.229477;0.0179331
977;793;8.44775;-163.525;163.743;-0.0421161;0.224712;0.0126233
1000;793;7.55472;-163.59;163.764;-0.0395401;0.22217;0.0110199
1023;793;6.59113;-163.693;163.826;-0.0398437;0.214371;0.00999641
1046;793;5.68384;-163.633;163.732;-0.040763;0.21728;0.00675556
1069;793;4.6753;-163.971;164.038;-0.0357027;0.219156;0.00230859
1092;793;4.01022;-163.914;163.963;-0.0401289;0.216778;0.00626236
1115;793;2.79063;-163.861;163.884;-0.0461097;0.218291;0.000350838
1138;793;1.83783;-163.976;163.986;-0.0375706;0.223318;-0.00710787
1161;793;1.0277;-164.147;164.15;-0.0329808;0.225334;-0.00949394
1184;793;0.293534;-164.316;164.317;-0.0379151;0.222609;-0.0129886
1207;793;-0.753951;-164.677;164.679;-0.0385739;0.218299;-0.0106804
1230;793;-1.5165;-164.363;164.37;-0.0403795;0.216331;-0.0108205
1253;793;-2.65107;-164.455;164.476;-0.0415556;0.219632;-0.0203508
1276;793;-3.47048;-164.653;164.69;-0.0326955;0.223194;-0.0262262
1299;793;-4.18074;-164.606;164.659;-0.0441378;0.223461;-0.0235317
1322;793;-5.54786;-164.767;164.86;-0.0468899;0.231071;-0.0292136
1345;793;-6.3916;-164.878;165.002;-0.0357705;0.231163;-0.0302457
1368;793;-7.22394;-164.862;165.021;-0.0445565;0.229521;-0.0358271
1391;793;-8.48917;-164.994;165.213;-0.0518584;0.22752;-0.0370195
1414;793;-9.67519;-165.066;165.349;-0.0506329;0.227694;-0.0336105
1437;793;-10.8805;-164.901;165.259;-0.0470531;0.229909;-0.0356617
1460;793;-11.8941;-164.767;165.195;-0.0492718;0.234576;-0.0409495
1483;793;-13.206;-164.767;165.296;-0.0604505;0.24444;-0.0320742
1506;793;-14.7701;-164.062;164.726;-0.0619017;0.247842;-0.0286314
1529;793;-16.1669;-163.476;164.273;-0.0646567;0.249306;-0.0309528
1552;793;-17.8684;-162.715;163.693;-0.0720735;0.2477;-0.0237266
1575;793;-19.6518;-161.618;162.808;-0.0724458;0.243252;-0.017243
1598;793;-21.3862;-160.555;161.973;-0.0409474;0.242871;0.0503734
1621;793;-22.1901;-154.284;155.871;0.00282608;0.262848;0.126868
655;816;28.2561;-151.885;154.491;-0.0462347;0.239507;0.00336803
678;816;27.1368;-153.034;155.421;-0.0552235;0.236383;-0.000453177
701;816;25.5636;-154.485;156.586;-0.0599476;0.239803;0.00268388
724;816;24.2229;-155.461;157.337;-0.0612814;0.23959;0.0150477
747;816;22.6287;-155.917;157.551;-0.071892;0.243692;0.0194832
770;816;20.7775;-156.388;157.763;-0.0690347;0.238754;0.0154437
793;816;19.3171;-157.161;158.344;-0.0621499;0.233945;0.0170924
816;816;17.8099;-157.479;158.483;-0.0570957;0.225308;0.0251884
839;816;16.6099;-157.477;158.35;-0.050967;0.226153;0.0203088
862;816;15.3999;-157.955;158.704;-0.0548018;0.233961;0.0182855
885;816;14.0117;-158.083;158.702;-0.0579145;0.235227;0.0214178
908;816;12.6527;-158.263;158.768;-0.0534747;0.23208;0.0150456
931;816;11.4794;-158.588;159.003;-0.0495517;0.232651;0.0128714
954;816;10.3127;-158.59;158.925;-0.048648;0.232866;0.0119896
977;816;9.18389;-158.78;159.045;-0.043912;0.229349;0.0107792
1000;816;8.24474;-158.962;159.176;-0.0437648;0.227948;0.0111287
1023;816;7.12288;-159.17;159.33;-0.0458236;0.225435;0.00829302
1046;816;6.08604;-159.085;159.201;-0.0457034;0.221675;0.00292082
1069;816;4.96921;-159.457;159.534;-0.0435511;0.228918;-0.000101045
1092;816;4.03632;-159.337;159.388;-0.0447587;0.231088;-0.000171376
1115;816;2.86203;-159.416;159.442;-0.0485974;0.223565;-0.000128328
1138;816;1.74365;-159.411;159.421;-0.042838;0.220082;-0.000797812
1161;816;0.847366;-159.402;159.405;-0.0374278;0.223498;-0.00620245
1184;816;-0.011982;-159.615;159.615;-0.0437969;0.228054;-0.0143471
1207;816;-1.21695;-159.956;159.961;-0.0452924;0.231494;-0.0120922
1230;816;-2.14649;-159.991;160.005;-0.0463717;0.222908;-0.0107718
1253;816;-3.40195;-159.942;159.978;-0.0535059;0.231779;-0.0153964
1276;816;-4.67752;-160.098;160.166;-0.0411245;0.230819;-0.0210517
1299;816;-5.33428;-159.988;160.077;-0.0415474;0.228356;-0.0169676
1322;816;-6.63053;-159.912;160.05;-0.0494956;0.232032;-0.0199458
1345;816;-7.67069;-160.148;160.332;-0.0490809;0.227833;-0.0281611
1368;816;-8.94818;-160.289;160.539;-0.0521508;0.225638;-0.0300005
1391;816;-10.1361;-160.352;160.672;-0.0465257;0.230585;-0.0290376
1414;816;-11.1406;-160.304;160.69;-0.0521474;0.237002;-0.0273548
1437;816;-12.6011;-160.237;160.732;-0.0595612;0.238978;-0.0308416
1460;816;-13.9683;-160.007;160.616;-0.0546111;0.239291;-0.029893
1483;816;-15.1917;-159.523;160.245;-0.0581292;0.24412;-0.0271467
1506;816;-16.7383;-158.929;159.808;-0.0679354;0.239696;-0.0251953
1529;816;-18.4452;-158.413;159.483;-0.0701523;0.246821;-0.0262206
1552;816;-20.1032;-157.761;159.036;-0.0665235;0.244775;-0.0187237
1575;816;-21.6492;-156.687;158.176;-0.0670168;0.247038;-0.0103664
1598;816;-23.3594;-155.447;157.193;-0.0394389;0.248817;0.0510614
1621;816;-24.0506;-149.74;151.66;0.00118124;0.0949714;0.106614
655;839;29.5631;-147.247;150.185;-0.0388859;0.215292;-0.000733373
678;839;28.6245;-148.321;151.058;-0.0471454;0.22796;-0.000205416
701;839;27.2861;-149.434;151.904;-0.0615549;0.240284;0.00591322
724;839;25.6513;-150.368;152.54;-0.0728328;0.240674;0.0128673
747;839;23.781;-150.831;152.694;-0.0706936;0.23666;0.0119886
770;839;22.2614;-151.468;153.095;-0.0618101;0.238442;0.0134494
793;839;20.822;-152.206;153.624;-0.0644435;0.240646;0.0163955
816;839;19.1803;-152.581;153.781;-0.0665271;0.238758;0.020452
839;839;17.649;-152.758;153.774;-0.0581737;0.229812;0.0160476
862;839;16.4178;-153.157;154.034;-0.0499444;0.232734;0.0146025
885;839;15.2881;-153.277;154.038;-0.0553154;0.233002;0.0172895
908;839;13.7971;-153.531;154.15;-0.0618548;0.231763;0.0138591
931;839;12.346;-153.768;154.263;-0.0601599;0.23607;0.015731
954;839;10.9409;-153.654;154.043;-0.0505924;0.236714;0.011186
977;839;9.95618;-153.989;154.31;-0.0387553;0.234065;0.00841551
1000;839;9.11986;-154.108;154.378;-0.0509862;0.234442;0.00725018
1023;839;7.5467;-154.293;154.478;-0.0588522;0.24176;0.00475886
1046;839;6.32713;-154.373;154.502;-0.0541387;0.230566;0.00485068
1069;839;4.98477;-154.431;154.512;-0.0505074;0.236236;0.00514888
1092;839;3.94187;-154.29;154.341;-0.0448663;0.236069;-0.00229302
1115;839;2.87232;-154.524;154.551;-0.0465891;0.236417;-0.00777943
1138;839;1.74372;-154.773;154.783;-0.0463077;0.225321;-0.00329976
1161;839;0.68946;-154.814;154.815;-0.0452743;0.22511;-0.00400987
1184;839;-0.388323;-154.813;154.813;-0.0453074;0.232327;-0.00827866
1207;839;-1.44476;-155.042;155.049;-0.0463939;0.238362;-0.0109681
1230;839;-2.57509;-155.061;155.083;-0.0542476;0.238723;-0.00823989
1253;839;-4.01234;-154.822;154.874;-0.0602141;0.234312;-0.0103068
1276;839;-5.43377;-155.075;155.17;-0.0431941;0.231051;-0.0146408
1299;839;-6.04513;-155.118;155.236;-0.0392752;0.228923;-0.0181254
1322;839;-7.27741;-155.134;155.305;-0.0548266;0.225207;-0.0217675
1345;839;-8.64145;-155.424;155.664;-0.0549678;0.232446;-0.0253464
1368;839;-9.88116;-155.51;155.824;-0.0556335;0.235898;-0.0217009
1391;839;-11.2761;-155.46;155.868;-0.0549119;0.241753;-0.0214639
1414;839;-12.4811;-155.289;155.789;-0.0632766;0.241389;-0.0228314
1437;839;-14.2869;-155.082;155.738;-0.0680396;0.244522;-0.0248257
1460;839;-15.7266;-154.963;155.759;-0.0625287;0.243307;-0.0272059
1483;839;-17.2602;-154.797;155.756;-0.0627242;0.238892;-0.0253596
1506;839;-18.7144;-154.252;155.383;-0.0635579;0.243175;-0.016618
1529;839;-20.3056;-153.409;154.747;-0.0678723;0.245443;-0.0154958
1552;839;-21.9777;-152.724;154.297;-0.070504;0.247104;-0.0111494
1575;839;-23.713;-151.538;153.382;-0.0698834;0.250442;-0.00671916
1598;839;-25.3764;-150.403;152.528;-0.0249411;0.243986;-0.0239301
1621;839;-24.8956;-150.178;152.227;0.021172;0.140268;-0.0314483
655;862;30.8623;-142.928;146.222;-0.0409676;0.202656;0.00895258
678;862;29.8897;-143.598;146.676;-0.0430935;0.21905;0.00439018
701;862;28.8032;-144.607;147.448;-0.0529378;0.228576;0.000669205
724;862;27.3421;-145.561;148.107;-0.0735179;0.235751;0.00692881
747;862;25.2592;-146.144;148.311;-0.0721241;0.233016;0.0153866
770;862;23.8833;-146.572;148.505;-0.0602767;0.226981;0.0129888
793;862;22.3831;-147.26;148.951;-0.0695582;0.230046;0.0137979
816;862;20.5507;-147.632;149.055;-0.0723269;0.233949;0.0157807
839;862;18.9205;-147.95;149.155;-0.064458;0.23144;0.0153229
862;862;17.478;-148.308;149.334;-0.0577647;0.23479;0.0138667
885;862;16.1792;-148.429;149.308;-0.0595715;0.233667;0.0111642
908;862;14.6495;-148.65;149.37;-0.063024;0.238233;0.00960856
931;862;13.1808;-148.801;149.384;-0.0624641;0.237727;0.0132292
954;862;11.6802;-148.77;149.228;-0.0552717;0.235033;0.0116892
977;862;10.5631;-149.06;149.434;-0.0495674;0.241019;0.00576517
1000;862;9.33821;-149.222;149.514;-0.0555656;0.233619;0.00508418
1023;862;7.93177;-149.148;149.359;-0.0549715;0.240721;0.00431264
1046;862;6.73512;-149.485;149.636;-0.0542168;0.232556;0.00129066
1069;862;5.36348;-149.639;149.736;-0.0590488;0.229584;0.00673243
1092;862;3.93354;-149.525;149.576;-0.0557031;0.22638;0.00287602
1115;862;2.72547;-149.59;149.615;-0.0454314;0.2318;-0.00674195
1138;862;1.79128;-150.008;150.019;-0.0469465;0.225111;-0.00551568
1161;862;0.510722;-150.008;150.009;-0.0489963;0.233673;-0.00232869
1184;862;-0.520695;-149.947;149.948;-0.0522537;0.233684;-0.00917121
1207;862;-1.9593;-150.062;150.075;-0.0572255;0.23062;-0.0144617
1230;862;-3.23326;-150.088;150.123;-0.0515586;0.238518;-0.0148881
1253;862;-4.39574;-150.205;150.269;-0.0524062;0.23136;-0.0152029
1276;862;-5.71248;-150.486;150.594;-0.054928;0.234971;-0.0135246
1299;862;-6.99674;-150.472;150.635;-0.0559493;0.239141;-0.0188934
1322;862;-8.36252;-150.54;150.772;-0.0562204;0.238739;-0.020509
1345;862;-9.65999;-150.509;150.818;-0.0560947;0.244113;-0.018741
1368;862;-11.0196;-150.521;150.924;-0.0601384;0.250048;-0.0207628
1391;862;-12.5152;-150.375;150.895;-0.0602502;0.254083;-0.0222805
1414;862;-13.8804;-150.357;150.996;-0.0624664;0.242663;-0.0250944
1437;862;-15.4849;-150.179;150.976;-0.0657868;0.243641;-0.0168883
1460;862;-17.0147;-150.004;150.966;-0.0655862;0.244923;-0.0190174
1483;862;-18.6105;-149.708;150.861;-0.0662615;0.252231;-0.0146453
1506;862;-20.1839;-148.953;150.314;-0.0702148;0.259748;-0.0130065
1529;862;-21.9839;-148.357;149.977;-0.0726433;0.25557;-0.0146521
1552;862;-23.6767;-147.645;149.531;-0.0702575;0.24794;-0.00641241
1575;862;-25.3804;-146.456;148.639;-0.0749008;0.235983;-0.00461731
1598;862;-27.3174;-145.475;148.018;-0.0408816;0.235566;6.84256e-05
1621;862;-27.3816;-143.793;146.377;-0.000112312;0.28989;-0.00200586
655;885;32.0804;-138.774;142.434;-0.0393067;0.2077;0.00755046
678;885;31.1535;-139.216;142.659;-0.046826;0.23066;0.00593458
701;885;29.8573;-139.965;143.115;-0.0584143;0.229735;-0.000518829
724;885;28.3597;-140.633;143.464;-0.0672537;0.234187;0.00192366
747;885;26.6339;-141.207;143.697;-0.0705075;0.247884;0.00240928
770;885;24.9691;-142.067;144.245;-0.063891;0.238804;0.0031633
793;885;23.5689;-142.69;144.623;-0.0693087;0.23512;0.0105987
816;885;21.6538;-142.903;144.535;-0.0738143;0.237124;0.0133617
839;885;20.0352;-143.172;144.567;-0.0683471;0.240481;0.0139334
862;885;18.3911;-143.428;144.602;-0.0673393;0.247352;0.0130042
885;885;16.8237;-143.577;144.559;-0.0664153;0.242187;0.014685
908;885;15.2266;-143.655;144.46;-0.0634901;0.241588;0.0107378
931;885;13.8028;-143.912;144.572;-0.0592568;0.240145;0.0108059
954;885;12.4142;-143.9;144.435;-0.0571368;0.234212;0.0143179
977;885;11.0947;-144;144.427;-0.0566105;0.243257;0.00304564
1000;885;9.7291;-144.392;144.719;-0.0587498;0.235358;0.00288552
1023;885;8.30664;-144.31;144.549;-0.0558533;0.233989;0.00322708
1046;885;7.0827;-144.699;144.872;-0.0550766;0.237774;-0.00154369
1069;885;5.6956;-144.87;144.981;-0.0615146;0.238541;0.00116512
1092;885;4.15993;-144.847;144.907;-0.0602541;0.232757;0.00530974
1115;885;2.83497;-144.874;144.901;-0.0511874;0.236456;-0.00487146
1138;885;1.73852;-145.377;145.388;-0.0518007;0.233873;-0.00453395
1161;885;0.386447;-145.093;145.094;-0.0620376;0.236579;0.00311982
1184;885;-1.2106;-145.097;145.102;-0.0643647;0.241775;-0.0143069
1207;885;-2.67778;-145.451;145.475;-0.0554827;0.230867;-0.00914172
1230;885;-3.83789;-145.17;145.221;-0.0488282;0.240592;-0.00701185
1253;885;-4.9823;-145.197;145.282;-0.0543312;0.244495;-0.0141877
1276;885;-6.40921;-145.312;145.454;-0.0597772;0.24081;-0.0119975
1299;885;-7.81956;-145.217;145.427;-0.0595057;0.243336;-0.0144329
1322;885;-9.2332;-145.255;145.548;-0.0564745;0.249627;-0.0195207
1345;885;-10.4954;-145.338;145.716;-0.0602232;0.244357;-0.0166039
1368;885;-12.0923;-145.214;145.716;-0.0667584;0.254758;-0.015258
1391;885;-13.6774;-145.02;145.663;-0.0653454;0.255061;-0.021908
1414;885;-15.2035;-145.293;146.086;-0.0577572;0.246716;-0.0241225
1437;885;-16.4158;-145.023;145.949;-0.0633869;0.245225;-0.0180211
1460;885;-18.2201;-144.872;146.013;-0.076594;0.250801;-0.018483
1483;885;-20.0894;-144.446;145.836;-0.074433;0.252875;-0.00908156
1506;885;-21.8;-143.632;145.277;-0.0709088;0.249316;-0.00630598
1529;885;-23.502;-142.953;144.872;-0.06933;0.245438;-0.0132656
1552;885;-25.1219;-142.551;144.747;-0.0734083;0.240598;-0.0117413
1575;885;-27.0277;-141.827;144.379;-0.0747626;0.230123;-0.00367358
1598;885;-28.7401;-140.711;143.616;-0.045784;0.231754;0.0150523
1621;885;-29.3085;-138.53;141.596;-0.0199122;0.193578;0.0179944
655;908;32.6809;-134.231;138.153;-0.0301375;0.231928;0.0203909
678;908;31.976;-134.03;137.791;-0.0445738;0.238263;0.00526752
701;908;30.5747;-135.063;138.481;-0.0587735;0.225909;-0.00950281
724;908;29.1496;-135.849;138.941;-0.0666522;0.234041;0.00445196
747;908;27.3904;-135.926;138.658;-0.0634236;0.244674;0.00254905
770;908;26.1248;-136.701;139.175;-0.0597308;0.24469;-0.00501847
793;908;24.5259;-137.524;139.694;-0.0750819;0.246072;-0.000960557
816;908;22.516;-137.814;139.641;-0.0739282;0.242178;0.00876333
839;908;20.9865;-138.008;139.595;-0.0675401;0.244088;0.0125314
862;908;19.2956;-138.098;139.44;-0.0642472;0.245113;0.0150286
885;908;17.9276;-138.412;139.568;-0.0661032;0.244944;0.012533
908;908;16.1436;-138.648;139.585;-0.0705424;0.241231;0.0116316
931;908;14.5571;-138.851;139.612;-0.0620376;0.241548;0.0132065
954;908;13.1935;-139.048;139.673;-0.0642943;0.238346;0.0148049
977;908;11.4976;-138.983;139.458;-0.066565;0.237378;0.00580198
1000;908;10.0204;-139.44;139.8;-0.0601299;0.236156;0.00215009
1023;908;8.64086;-139.419;139.687;-0.0572729;0.233102;0.0050355
1046;908;7.3054;-139.611;139.802;-0.0624699;0.247026;-0.00410531
1069;908;5.67025;-139.734;139.849;-0.0599344;0.247612;-0.00296041
1092;908;4.45983;-139.84;139.911;-0.057752;0.246689;0.00166974
1115;908;2.93216;-139.764;139.794;-0.0595518;0.247505;-0.00649637
1138;908;1.6314;-140.279;140.288;-0.0523941;0.246317;-0.00638785
1161;908;0.453392;-140.176;140.177;-0.0650084;0.245324;0.00367031
1184;908;-1.46452;-139.927;139.934;-0.0673397;0.24507;-0.00490183
1207;908;-2.7571;-140.453;140.48;-0.058461;0.245617;-0.00316008
1230;908;-4.23769;-140.113;140.177;-0.0597531;0.240998;-0.00122845
1253;908;-5.59472;-140.087;140.198;-0.055392;0.240643;-0.0165625
1276;908;-6.86227;-140.506;140.673;-0.0608614;0.236359;-0.0133698
1299;908;-8.48633;-140.405;140.661;-0.068145;0.240457;-0.00854574
1322;908;-10.1125;-140.243;140.607;-0.0601501;0.236667;-0.0160221
1345;908;-11.3419;-140.408;140.865;-0.0597192;0.232968;-0.0142046
1368;908;-12.9474;-140.038;140.635;-0.0677073;0.241487;-0.00792561
1391;908;-14.5729;-139.884;140.641;-0.0689175;0.242861;-0.0205028
1414;908;-16.2354;-140.191;141.128;-0.0678698;0.247447;-0.0216984
1437;908;-17.8091;-140.069;141.197;-0.0710261;0.246276;-0.017024
1460;908;-19.6305;-139.696;141.069;-0.0701312;0.255763;-0.0123099
1483;908;-21.1635;-139.32;140.918;-0.0659505;0.245564;-0.00842896
1506;908;-22.7831;-138.701;140.559;-0.0740833;0.237927;-0.00566408
1529;908;-24.7212;-138.257;140.45;-0.0738808;0.239831;-0.0115033
1552;908;-26.3286;-137.724;140.218;-0.0715068;0.237905;-0.00661627
1575;908;-28.1578;-136.939;139.804;-0.0768868;0.240729;0.00143196
1598;908;-30.0525;-135.894;139.177;-0.0583194;0.233485;-0.00554175
1621;908;-30.9405;-135.733;139.214;-0.0378359;0.20775;-0.0218488
655;931;33.5128;-129.137;133.414;-0.0338179;0.231622;0.0117242
678;931;32.7204;-129.342;133.416;-0.0472848;0.230235;-0.00156442
701;931;31.2606;-130.557;134.247;-0.0583993;0.235949;-0.0051935
724;931;29.9219;-130.919;134.295;-0.068357;0.241888;0.00698709
747;931;27.9974;-131.086;134.042;-0.0702397;0.239065;-0.000868843
770;931;26.5561;-131.951;134.597;-0.0636235;0.234519;-0.00491823
793;931;24.9474;-132.516;134.844;-0.0707772;0.242742;-0.000278614
816;931;23.1661;-132.88;134.884;-0.0690718;0.246998;0.00739386
839;931;21.6483;-133.08;134.829;-0.0582905;0.242265;0.00739807
862;931;20.3995;-133.309;134.861;-0.0603425;0.236854;0.0108731
885;931;18.7816;-133.463;134.778;-0.0719838;0.240409;0.00737479
908;931;16.9581;-133.674;134.745;-0.0662995;0.242375;0.00592659
931;931;15.621;-133.922;134.829;-0.061281;0.24007;0.00700489
954;931;14.0456;-134.025;134.759;-0.072007;0.24023;0.00535007
977;931;12.1794;-134.149;134.7;-0.0739668;0.231902;0.00241465
1000;931;10.5034;-134.582;134.991;-0.0663121;0.241701;0.00181039
1023;931;9.01802;-134.614;134.916;-0.0714347;0.244706;0.00750492
1046;931;7.09067;-134.472;134.659;-0.0694327;0.252522;0.000492179
1069;931;5.70479;-134.621;134.742;-0.0575608;0.244091;-0.000138525
1092;931;4.36164;-134.633;134.704;-0.0617732;0.251158;0.0028307
1115;931;2.76958;-134.629;134.658;-0.0571463;0.249319;-0.00570039
1138;931;1.64975;-135.178;135.188;-0.052483;0.250312;-0.00372376
1161;931;0.2874;-134.931;134.931;-0.0627115;0.250367;-0.00273595
1184;931;-1.33223;-134.944;134.951;-0.063715;0.244392;-0.00754247
1207;931;-2.74473;-135.277;135.305;-0.0651269;0.249286;-0.00760806
1230;931;-4.43316;-135.174;135.247;-0.0701175;0.2448;-0.00418987
1253;931;-6.09195;-135.222;135.359;-0.0605605;0.246949;-0.0120298
1276;931;-7.31003;-135.496;135.693;-0.0614087;0.255585;-0.00818057
1299;931;-9.00927;-135.251;135.551;-0.0729991;0.248669;-0.00918701
1322;931;-10.8004;-135.441;135.871;-0.0659621;0.239966;-0.0171534
1345;931;-12.1528;-135.667;136.211;-0.0582239;0.243876;-0.00939728
1368;931;-13.5622;-135.215;135.894;-0.0701543;0.24139;-0.00430438
1391;931;-15.5074;-134.98;135.868;-0.0741116;0.240144;-0.0145105
1414;931;-17.1082;-135.083;136.162;-0.0681928;0.24894;-0.0165912
1437;931;-18.7593;-134.874;136.172;-0.0695688;0.252776;-0.00732946
1460;931;-20.4343;-134.361;135.906;-0.0724497;0.251147;-0.00500189
1483;931;-22.226;-134.315;136.142;-0.0696627;0.244148;-0.00976978
1506;931;-23.7628;-133.784;135.878;-0.0770039;0.241431;-0.00292992
1529;931;-25.9351;-133.051;135.555;-0.0778708;0.250834;-0.00167059
1552;931;-27.5098;-132.72;135.541;-0.0702684;0.243947;-0.00179081
1575;931;-29.3057;-131.884;135.101;-0.0690328;0.240684;0.00387523
1598;931;-30.8364;-131.035;134.615;-0.051741;0.236435;0.013765
1621;931;-31.798;-129.858;133.694;-0.0396229;0.257054;0.0157554
655;954;34.3114;-124.612;129.249;-0.0292219;0.234404;0.0131951
678;954;33.6287;-124.464;128.927;-0.0467501;0.225173;0.00554319
701;954;32.1031;-125.276;129.324;-0.0645587;0.244523;-0.00683952
724;954;30.5345;-125.834;129.485;-0.0719769;0.2374;0.00175393
747;954;28.6572;-126.014;129.232;-0.0635567;0.233456;-0.00173058
770;954;27.4967;-126.964;129.908;-0.0613033;0.243323;-0.0074516
793;954;25.7204;-127.472;130.041;-0.0732245;0.24191;0.00788388
816;954;23.9902;-127.608;129.843;-0.0722018;0.251591;0.00655657
839;954;22.2667;-127.976;129.899;-0.0656621;0.256475;-0.00269868
862;954;20.8583;-128.278;129.963;-0.0655912;0.247103;0.000905327
885;954;19.1408;-128.448;129.866;-0.073753;0.243165;0.00229742
908;954;17.3291;-128.61;129.772;-0.0719349;0.245147;0.00124528
931;954;15.701;-128.899;129.851;-0.0692127;0.24311;-0.00355202
954;954;14.0241;-129.084;129.844;-0.0677749;0.245883;-0.00467702
977;954;12.4676;-129.338;129.937;-0.0674381;0.242917;0.000212912
1000;954;10.8083;-129.42;129.871;-0.0676544;0.245457;0.00633272
1023;954;9.24243;-129.283;129.613;-0.0720775;0.249985;0.0100087
1046;954;7.36309;-129.178;129.387;-0.0706839;0.246371;0.00309859
1069;954;5.86582;-129.619;129.751;-0.0551989;0.239274;0.00190145
1092;954;4.74879;-129.459;129.546;-0.0586607;0.247949;0.00589356
1115;954;3.08295;-129.451;129.488;-0.0648477;0.243701;-0.00106236
1138;954;1.65967;-129.929;129.94;-0.0672088;0.249692;-0.00656271
1161;954;-0.121831;-129.827;129.827;-0.0714726;0.243072;-0.00312908
1184;954;-1.75498;-129.8;129.812;-0.0647658;0.245001;-0.00652654
1207;954;-3.2055;-130.143;130.182;-0.0624985;0.247561;-0.00756844
1230;954;-4.7262;-129.973;130.059;-0.0661236;0.255422;-0.00512045
1253;954;-6.35589;-129.868;130.024;-0.0610848;0.250083;-0.00574019
1276;954;-7.6276;-129.963;130.187;-0.065457;0.257406;-0.0102351
1299;954;-9.47326;-130.125;130.469;-0.075875;0.248222;-0.013798
1322;954;-11.2627;-130.295;130.781;-0.0647361;0.245865;-0.0118223
1345;954;-12.5547;-130.313;130.917;-0.0633756;0.251847;-0.00781953
1368;954;-14.2774;-130.04;130.821;-0.0759569;0.248534;-0.0109381
1391;954;-16.1942;-129.941;130.946;-0.0779968;0.243329;-0.0124502
1414;954;-18.0175;-129.921;131.164;-0.0690745;0.242321;-0.0123555
1437;954;-19.4907;-129.652;131.108;-0.059974;0.245688;-0.00711891
1460;954;-20.8685;-129.328;131.001;-0.0711334;0.24427;-0.00627697
1483;954;-22.8904;-129.228;131.24;-0.0807413;0.251668;-0.00353715
1506;954;-24.7504;-128.72;131.078;-0.0711225;0.245722;0.00171663
1529;954;-26.3078;-127.91;130.588;-0.0686921;0.248296;0.00632497
1552;954;-28.0406;-127.639;130.683;-0.0764771;0.245848;0.000824348
1575;954;-29.9819;-126.981;130.473;-0.0680445;0.245536;0.012034
1598;954;-31.3134;-126.082;129.912;-0.0514532;0.231958;0.0107761
1621;954;-32.4515;-125.15;129.289;-0.0474361;0.222982;0.00943516
655;977;34.3939;-119.394;124.25;-0.0125335;0.228436;-0.00689307
678;977;34.0967;-119.961;124.713;-0.042607;0.218087;-0.00570287
701;977;32.378;-120.436;124.712;-0.0634555;0.232263;-0.00738198
724;977;31.0645;-121.068;124.99;-0.0646077;0.235212;-0.00532718
747;977;29.2928;-121.387;124.872;-0.0698658;0.233298;0.000135215
770;977;27.7222;-121.876;124.989;-0.0569252;0.244285;-0.00553093
793;977;26.5806;-122.507;125.357;-0.0677804;0.237293;-0.00198525
816;977;24.4863;-122.497;124.921;-0.0893832;0.250726;0.00679554
839;977;22.2667;-122.502;124.509;-0.0706619;0.25275;-0.00236685
862;977;21.108;-123.084;124.881;-0.0592047;0.250005;-0.00882882
885;977;19.4485;-123.386;124.909;-0.0717738;0.24532;0.00213794
908;977;17.6763;-123.523;124.781;-0.074274;0.24859;-0.00177074
931;977;15.8921;-123.843;124.859;-0.0735092;0.248166;-0.000893051
954;977;14.1594;-123.842;124.649;-0.0681738;0.2472;0.00156308
977;977;12.6406;-124.079;124.721;-0.06506;0.250961;-0.00392148
1000;977;11.0585;-124.417;124.907;-0.0620278;0.246071;0.000935906
1023;977;9.69242;-124.281;124.658;-0.0675038;0.24895;0.00669017
1046;977;7.84054;-124.275;124.522;-0.0719284;0.241791;0.00127436
1069;977;6.25333;-124.69;124.847;-0.0655172;0.245462;0.00365516
1092;977;4.72085;-124.373;124.463;-0.0625676;0.251809;0.000221741
1115;977;3.27877;-124.53;124.574;-0.0676108;0.244391;-0.00540588
1138;977;1.49518;-124.851;124.86;-0.0726014;0.244481;-0.00872028
1161;977;-0.193058;-124.855;124.856;-0.0642532;0.248188;-0.00275562
1184;977;-1.5621;-124.794;124.804;-0.0645149;0.245832;-0.00381149
1207;977;-3.26356;-125.033;125.076;-0.0779789;0.249943;-0.00114789
1230;977;-5.30137;-124.639;124.752;-0.0712696;0.252985;-0.0029159
1253;977;-6.6682;-124.883;125.061;-0.0565445;0.247317;-0.00711871
1276;977;-7.98113;-124.884;125.139;-0.0687397;0.245299;-0.00889314
1299;977;-9.94722;-124.987;125.383;-0.0779373;0.256895;-0.0107785
1322;977;-11.7198;-125.266;125.813;-0.0693537;0.263404;-0.00673433
1345;977;-13.2575;-125.271;125.97;-0.0717571;0.251767;-0.00694866
1368;977;-15.1495;-124.955;125.87;-0.0762477;0.24556;-0.00671703
1391;977;-16.9114;-124.91;126.05;-0.0744516;0.244394;-0.011913
1414;977;-18.7124;-125.057;126.449;-0.0695088;0.246042;-0.00704845
1437;977;-20.2288;-124.717;126.347;-0.0609595;0.252531;0.00273997
1460;977;-21.6151;-124.25;126.116;-0.0663411;0.250912;-0.00233771
1483;977;-23.3964;-123.927;126.116;-0.0774164;0.251029;-0.00344256
1506;977;-25.3306;-123.628;126.197;-0.0695703;0.24649;0.00270794
1529;977;-26.7318;-122.782;125.658;-0.0694959;0.241408;0.00100867
1552;977;-28.6606;-122.549;125.856;-0.0715123;0.243226;0.00376901
1575;977;-30.1614;-121.721;125.402;-0.0722441;0.239287;0.00526461
1598;977;-32.1291;-121.394;125.574;-0.0643838;0.22803;-0.00594073
1621;977;-33.2407;-120.562;125.061;-0.0465115;0.252514;0.0148665
655;1000;35.0545;-115.094;120.314;-0.02861;0.205402;0.00902713
678;1000;34.3854;-115.342;120.358;-0.0475371;0.223017;0.000222581
701;1000;32.8101;-115.613;120.178;-0.0658046;0.227114;-0.00041488
724;1000;31.2457;-116.058;120.191;-0.0646859;0.230406;0.00187861
747;1000;29.7258;-116.317;120.055;-0.0596629;0.24092;0.00175127
770;1000;28.4068;-116.848;120.252;-0.0705889;0.246386;-0.00964686
793;1000;26.3354;-117.616;120.529;-0.0778174;0.239636;0.000437394
816;1000;24.674;-117.246;119.814;-0.0737305;0.245316;0.00976932
839;1000;22.8085;-117.537;119.73;-0.0736417;0.23858;0.00346849
862;1000;21.146;-117.94;119.821;-0.0604413;0.246448;-0.0055654
885;1000;19.9321;-118.291;119.959;-0.0708816;0.247787;0.00109202
908;1000;17.7591;-118.326;119.651;-0.0811155;0.251984;-0.000912236
931;1000;16.0344;-118.63;119.709;-0.0685032;0.252143;-0.00311005
954;1000;14.4887;-118.853;119.733;-0.0670755;0.24574;0.000488059
977;1000;12.8366;-118.964;119.655;-0.0696369;0.249167;-0.00155688
1000;1000;11.1637;-119.231;119.752;-0.0654991;0.253721;0.00178155
1023;1000;9.7179;-118.986;119.383;-0.0658344;0.256167;0.00181015
1046;1000;8.02839;-119.152;119.423;-0.0703833;0.254221;-0.00448521
1069;1000;6.35497;-119.453;119.622;-0.0725209;0.249586;0.00370758
1092;1000;4.56169;-119.053;119.141;-0.0667344;0.249891;0.00382511
1115;1000;3.1751;-119.324;119.366;-0.0698594;0.249859;-0.00929543
1138;1000;1.22078;-119.8;119.806;-0.0760471;0.248184;-0.00361656
1161;1000;-0.467914;-119.558;119.559;-0.0655002;0.260198;0.00174457
1184;1000;-1.89834;-119.619;119.634;-0.0642769;0.251453;-0.00735019
1207;1000;-3.52705;-119.808;119.86;-0.0694809;0.242401;-0.00438366
1230;1000;-5.21406;-119.525;119.638;-0.0672683;0.248286;-0.000355356
1253;1000;-6.73348;-119.632;119.821;-0.0662745;0.256217;-0.00781731
1276;1000;-8.37194;-119.807;120.099;-0.0693187;0.246909;-0.00342403
1299;1000;-10.0412;-119.531;119.952;-0.0667335;0.259809;0.00203689
1322;1000;-11.553;-119.456;120.013;-0.0755021;0.267546;-0.00706988
1345;1000;-13.6581;-119.92;120.695;-0.0806228;0.25761;-0.0120982
1368;1000;-15.4267;-119.88;120.869;-0.0749827;0.258805;-0.00387062
1391;1000;-17.2474;-119.824;121.058;-0.0740735;0.259247;-0.00331895
1414;1000;-18.9708;-119.74;121.233;-0.0636105;0.263208;0.00360559
1437;1000;-20.2772;-119.224;120.936;-0.066371;0.259415;0.0029025
1460;1000;-22.1395;-118.97;121.013;-0.0789001;0.24932;-0.00702853
1483;1000;-24.0639;-118.864;121.275;-0.080143;0.243945;-0.00563541
1506;1000;-25.9893;-118.527;121.343;-0.0741855;0.247904;0.00140649
1529;1000;-27.6241;-117.911;121.104;-0.0643875;0.232023;-0.00339642
1552;1000;-29.0639;-117.565;121.105;-0.0700651;0.226893;0.00062861
1575;1000;-30.9772;-117.055;121.085;-0.0895269;0.235721;0.00523264
1598;1000;-33.396;-116.614;121.301;-0.0450009;0.238535;0.0194935
1621;1000;-33.1582;-114.722;119.418;0.0137766;0.263873;0.0349193
655;1023;35.8557;-110.776;116.435;-0.0459169;0.226514;0.00984373
678;1023;34.7738;-110.65;115.985;-0.0547553;0.222975;0.00502343
701;1023;33.2635;-110.971;115.849;-0.0550066;0.221435;-0.00292934
724;1023;32.1618;-111.481;116.028;-0.0584397;0.225523;0.00374304
747;1023;30.4896;-111.404;115.501;-0.0768712;0.234548;0.0042804
770;1023;28.4778;-111.679;115.253;-0.0696261;0.244504;-0.0111603
793;1023;27.1511;-112.562;115.79;-0.0654798;0.248697;0.000381012
816;1023;25.355;-112.342;115.168;-0.0757057;0.243596;0.00928146
839;1023;23.5257;-112.609;115.04;-0.079327;0.245712;-0.00233035
862;1023;21.545;-112.881;114.919;-0.0723161;0.246947;-0.00103813
885;1023;20.0661;-113.134;114.9;-0.073307;0.248895;0.000693814
908;1023;18.0387;-113.111;114.541;-0.0788994;0.253421;0.000361424
931;1023;16.28;-113.426;114.588;-0.0709593;0.246609;-0.000980628
954;1023;14.6461;-113.666;114.606;-0.0690472;0.247774;0.00116567
977;1023;12.9845;-113.773;114.512;-0.0708193;0.252429;0.000644679
1000;1023;11.2632;-113.939;114.495;-0.0674795;0.254335;0.00505347
1023;1023;9.7679;-113.711;114.13;-0.0681376;0.251826;0.00532198
1046;1023;8.01381;-113.779;114.061;-0.0685974;0.251964;-0.00714804
1069;1023;6.49102;-114.368;114.552;-0.0647944;0.246118;-0.00132119
1092;1023;4.9291;-114.04;114.146;-0.066095;0.247527;0.00508166
1115;1023;3.34259;-114.198;114.246;-0.0728183;0.249823;-0.00768084
1138;1023;1.44427;-114.581;114.59;-0.0752603;0.252794;0.00168804
1161;1023;-0.26054;-114.135;114.136;-0.0712209;0.254393;0.00570087
1184;1023;-1.95806;-114.403;114.42;-0.0742562;0.252365;-0.013563
1207;1023;-3.82202;-114.984;115.047;-0.0753874;0.24756;-0.00393415
1230;1023;-5.56751;-114.366;114.502;-0.0679693;0.247471;0.0035889
1253;1023;-7.06801;-114.314;114.532;-0.0607481;0.246463;-0.0107741
1276;1023;-8.45341;-114.664;114.975;-0.0659756;0.253862;3.28661e-05
1299;1023;-10.2102;-114.283;114.738;-0.0721547;0.253278;0.000206437
1322;1023;-11.9036;-114.273;114.891;-0.0770218;0.247802;-0.0145096
1345;1023;-13.9029;-114.651;115.491;-0.0784063;0.250468;-0.00751529
1368;1023;-15.664;-114.289;115.357;-0.0736851;0.257021;-0.00023946
1391;1023;-17.4296;-114.228;115.55;-0.0729196;0.260389;-0.0030121
1414;1023;-19.1504;-114.226;115.82;-0.0738033;0.252739;-0.00446559
1437;1023;-20.9604;-114.031;115.941;-0.0761718;0.252036;-0.00529143
1460;1023;-22.7999;-113.95;116.209;-0.0750185;0.252078;-0.00449033
1483;1023;-24.552;-113.828;116.446;-0.0761831;0.24307;-0.00101161
1506;1023;-26.4529;-113.38;116.425;-0.0783103;0.243935;0.00383246
1529;1023;-28.3131;-113.145;116.634;-0.0682952;0.232202;-0.00210304
1552;1023;-29.7108;-113.096;116.933;-0.0543935;0.220691;0.00845279
1575;1023;-30.9043;-111.926;116.114;-0.0728353;0.237001;0.0173542
1598;1023;-33.223;-111.499;116.343;-0.0777296;0.231856;0.0238641
1621;1023;-34.6882;-109.724;115.076;-0.0586983;0.185131;0.0282327
655;1046;35.6841;-105.649;111.512;-0.0239482;0.235046;-0.0093673
678;1046;35.1233;-106.033;111.699;-0.0445003;0.222051;-0.0061805
701;1046;33.5836;-106.363;111.539;-0.0621092;0.220408;-0.00164518
724;1046;32.1671;-106.654;111.4;-0.066519;0.227779;-0.00208469
747;1046;30.4141;-106.566;110.821;-0.070052;0.229208;-0.000733419
770;1046;28.8231;-106.718;110.542;-0.0664081;0.232505;-0.0071886
793;1046;27.2437;-107.334;110.738;-0.0662958;0.245941;-0.0019815
816;1046;25.6628;-107.158;110.188;-0.0822058;0.239942;0.00976685
839;1046;23.2925;-107.362;109.86;-0.0816219;0.240726;-0.00054684
862;1046;21.7373;-107.72;109.891;-0.0627199;0.242524;-0.00377409
885;1046;20.3061;-107.996;109.888;-0.0742238;0.249996;0.00217469
908;1046;18.1857;-107.861;109.383;-0.0759057;0.244424;-0.000490745
931;1046;16.6686;-108.423;109.697;-0.065484;0.248329;-0.00446794
954;1046;15.0613;-108.601;109.641;-0.0712937;0.262814;0.00195487
977;1046;13.2629;-108.537;109.344;-0.0727713;0.262923;0.00254832
1000;1046;11.5821;-108.731;109.347;-0.067748;0.25214;0.0034429
1023;1046;10.0331;-108.58;109.043;-0.0710842;0.251549;0.00137472
1046;1046;8.18693;-108.741;109.048;-0.0724234;0.244429;-0.00393802
1069;1046;6.56588;-109.261;109.458;-0.0701049;0.254272;-0.00119008
1092;1046;4.84032;-108.809;108.916;-0.0719235;0.251444;0.000342711
1115;1046;3.12816;-108.992;109.037;-0.0737976;0.257799;-0.0130947
1138;1046;1.30664;-109.357;109.365;-0.0684819;0.248875;-0.00443629
1161;1046;-0.138011;-109.056;109.056;-0.0717736;0.248111;0.000907612
1184;1046;-2.12311;-109.192;109.213;-0.0797461;0.246836;-0.0112905
1207;1046;-3.96862;-109.563;109.635;-0.0755402;0.261352;0.000362147
1230;1046;-5.74026;-109.284;109.434;-0.0718612;0.257821;0.00030521
1253;1046;-7.40261;-109.431;109.681;-0.0563457;0.246219;-0.00297262
1276;1046;-8.40963;-109.323;109.646;-0.0658414;0.253464;0.00166351
1299;1046;-10.5397;-109.072;109.58;-0.085251;0.262706;-0.00160837
1322;1046;-12.5145;-109.209;109.923;-0.0801359;0.260139;-0.0124273
1345;1046;-14.3897;-109.568;110.509;-0.0731821;0.258886;-0.00531627
1368;1046;-16.014;-109.282;110.449;-0.0679322;0.253494;0.0024365
1391;1046;-17.6312;-109.098;110.513;-0.0764794;0.247326;-0.00565577
1414;1046;-19.678;-109.303;111.06;-0.0740236;0.250982;-0.00474483
1437;1046;-21.1736;-108.816;110.857;-0.0665977;0.256344;0.00413572
1460;1046;-22.8574;-108.559;110.939;-0.0781202;0.247584;-0.0044064
1483;1046;-24.9196;-108.793;111.61;-0.0762888;0.237643;-0.00532267
1506;1046;-26.5121;-108.419;111.614;-0.0687561;0.249615;0.00578465
1529;1046;-28.2028;-108.248;111.862;-0.0687382;0.251809;0.00446463
1552;1046;-29.791;-108.344;112.365;-0.0657753;0.243381;0.00889917
1575;1046;-31.3477;-107.209;111.698;-0.0850216;0.22845;0.0103146
1598;1046;-33.9068;-106.963;112.209;-0.0726084;0.228126;-0.00098533
1621;1046;-34.8198;-106.901;112.429;-0.0389034;0.197257;0.00163723
655;1069;35.928;-101.003;107.202;-0.0361529;0.228283;-0.00988145
678;1069;35.0779;-101.372;107.269;-0.043008;0.227638;-0.00946432
701;1069;33.8987;-101.759;107.257;-0.0601295;0.233952;-0.00664286
724;1069;32.219;-101.984;106.952;-0.0711476;0.24111;-0.00307882
747;1069;30.5003;-101.852;106.321;-0.0722473;0.234324;0.00142105
770;1069;28.766;-102.002;105.981;-0.0623907;0.228906;-0.00502636
793;1069;27.5315;-102.378;106.015;-0.0505909;0.24582;-0.00404396
816;1069;26.375;-102.392;105.735;-0.0694071;0.244563;-0.00300495
839;1069;24.2188;-102.624;105.443;-0.0905508;0.245426;-0.00335261
862;1069;21.9995;-102.826;105.153;-0.0781659;0.243318;-2.47189e-05
885;1069;20.4701;-102.797;104.816;-0.0720602;0.253477;-0.000758385
908;1069;18.5556;-102.985;104.644;-0.0763589;0.246013;-0.00176838
931;1069;16.8107;-103.153;104.514;-0.074471;0.25242;0.00456994
954;1069;14.9917;-102.849;103.936;-0.0711492;0.263377;0.00332778
977;1069;13.4118;-102.953;103.823;-0.0696645;0.259973;-0.00818969
1000;1069;11.6616;-103.522;104.177;-0.0730621;0.254022;-0.0060653
1023;1069;9.91676;-103.315;103.79;-0.0659537;0.259715;-0.00479296
1046;1069;8.52032;-103.653;104.002;-0.0721889;0.25492;-0.00786109
1069;1069;6.46308;-103.869;104.07;-0.0814519;0.258563;-0.00118152
1092;1069;4.60709;-103.648;103.75;-0.0770666;0.251241;0.000610286
1115;1069;2.76869;-103.57;103.607;-0.0734757;0.260223;-0.00998292
1138;1069;1.08818;-104.286;104.292;-0.0662487;0.254454;-0.00395702
1161;1069;-0.388028;-103.868;103.869;-0.0732492;0.263507;0.000337473
1184;1069;-2.41477;-104.185;104.213;-0.0686365;0.249371;-0.00964763
1207;1069;-3.66326;-104.221;104.285;-0.0690813;0.257626;0.00767264
1230;1069;-5.71296;-103.735;103.892;-0.0760712;0.270434;0.00674158
1253;1069;-7.30696;-104.118;104.374;-0.0640296;0.263345;-0.00544974
1276;1069;-8.76166;-104.197;104.564;-0.0674825;0.244863;-0.00115595
1299;1069;-10.5285;-103.47;104.004;-0.0775433;0.250376;0.00304561
1322;1069;-12.4837;-103.558;104.308;-0.0792577;0.252129;-0.0109724
1345;1069;-14.3347;-103.982;104.965;-0.0743962;0.254834;-0.00645324
1368;1069;-16.0445;-103.821;105.053;-0.0758365;0.263729;-0.00211868
1391;1069;-17.9665;-103.993;105.534;-0.0822348;0.258634;-0.0048331
1414;1069;-19.9971;-103.857;105.765;-0.0745068;0.259932;0.00309057
1437;1069;-21.5354;-103.458;105.675;-0.0686601;0.260478;-0.00352558
1460;1069;-23.2723;-103.705;106.284;-0.0777779;0.25135;-0.0123129
1483;1069;-25.2673;-103.96;106.987;-0.0695831;0.241815;0.000713946
1506;1069;-26.5979;-103.057;106.434;-0.0566929;0.250489;0.011566
1529;1069;-27.9708;-102.74;106.48;-0.0750895;0.252929;-0.00021893
1552;1069;-30.1925;-103.009;107.342;-0.0775902;0.250022;-0.00504337
1575;1069;-31.6917;-102.409;107.2;-0.0735599;0.252814;0.012782
1598;1069;-33.723;-101.99;107.421;-0.062725;0.24104;0.0179866
1621;1069;-34.6854;-101.403;107.171;-0.0406425;0.230629;0.0108566
655;1092;35.6656;-96.132;102.535;-0.0212814;0.218407;-0.0128384
678;1092;35.1671;-96.5411;102.747;-0.0412834;0.232094;-0.0072892
701;1092;33.7228;-96.6311;102.346;-0.0668085;0.236176;-0.00484457
724;1092;31.9836;-96.6513;101.806;-0.0659905;0.240594;-0.00459597
747;1092;30.5794;-96.8202;101.534;-0.0625519;0.240994;-0.00913609
770;1092;29.0069;-97.1784;101.415;-0.0676435;0.239315;-0.00522256
793;1092;27.3535;-97.1535;100.931;-0.0695197;0.234549;6.48455e-05
816;1092;25.689;-97.0241;100.367;-0.0795198;0.24943;-0.0079844
839;1092;23.5373;-97.1966;100.006;-0.0775904;0.241426;-0.0118773
862;1092;21.9651;-97.6337;100.074;-0.065008;0.241436;-0.00265505
885;1092;20.4416;-97.5275;99.6467;-0.0728789;0.246106;-0.00156922
908;1092;18.4807;-97.6735;99.4065;-0.0730969;0.25573;-0.00872889
931;1092;16.9438;-97.9948;99.4488;-0.0702843;0.251749;-0.000381049
954;1092;15.1251;-97.763;98.9261;-0.0751681;0.244494;0.00591023
977;1092;13.3449;-97.8251;98.7311;-0.0764605;0.245371;-0.0058563
1000;1092;11.4594;-98.2424;98.9085;-0.0754514;0.250341;-0.000948229
1023;1092;9.73227;-97.8793;98.3619;-0.069536;0.254482;-0.00381199
1046;1092;8.14104;-98.218;98.5548;-0.0688695;0.262406;-0.0182411
1069;1092;6.44083;-98.6024;98.8125;-0.0759557;0.250479;-0.00577482
1092;1092;4.50272;-98.4249;98.5279;-0.0722608;0.257837;0.00579496
1115;1092;2.98591;-98.2717;98.317;-0.0669713;0.249525;-0.0073481
1138;1092;1.30921;-98.8517;98.8604;-0.0676547;0.261916;0.000819736
1161;1092;-0.239314;-98.2124;98.2127;-0.0816521;0.259714;-0.00234726
1184;1092;-2.6141;-98.8798;98.9144;-0.0743949;0.256312;-0.0110555
1207;1092;-3.80545;-98.9393;99.0124;-0.0546298;0.25565;0.00768704
1230;1092;-5.20529;-98.1858;98.3237;-0.07363;0.255321;0.00538166
1253;1092;-7.32865;-98.5936;98.8656;-0.0862904;0.261439;-0.014813
1276;1092;-9.37447;-99.1868;99.6288;-0.0783409;0.252245;-0.00685439
1299;1092;-11.086;-98.7225;99.343;-0.0742855;0.246884;0.00361353
1322;1092;-12.9308;-98.7919;99.6346;-0.0751195;0.237077;-0.0102107
1345;1092;-14.6833;-99.0496;100.132;-0.0687237;0.24348;-0.000670807
1368;1092;-16.2104;-98.4305;99.7564;-0.0707989;0.249475;0.00517638
1391;1092;-18.0687;-98.4378;100.082;-0.0806787;0.262353;-0.0027058
1414;1092;-20.0851;-98.5945;100.62;-0.0763073;0.264318;0.00952869
1437;1092;-21.7255;-98.0885;100.466;-0.0698213;0.254791;0.0048076
1460;1092;-23.4197;-98.1724;100.927;-0.0825538;0.262874;-0.0077104
1483;1092;-25.6997;-98.7683;102.057;-0.074194;0.258345;0.000724039
1506;1092;-26.9697;-98.0647;101.706;-0.0544726;0.239474;0.00756671
1529;1092;-28.2884;-97.8002;101.809;-0.0785542;0.256026;0.00139373
1552;1092;-30.7375;-98.0126;102.719;-0.0656554;0.236815;0.00840196
1575;1092;-31.4273;-96.7649;101.741;-0.0569034;0.235214;0.0112182
1598;1092;-33.4468;-96.9646;102.571;-0.0797819;0.225977;-0.0060296
1621;1092;-35.26;-97.2966;103.489;-0.0756243;0.21318;-0.00977012
655;1115;35.7232;-91.8641;98.5655;-0.030577;0.20245;0.00250233
678;1115;35.0083;-91.7102;98.1649;-0.0458436;0.221191;-0.000119566
701;1115;33.5636;-91.9434;97.878;-0.0629929;0.221984;-0.00311773
724;1115;32.0121;-92.0005;97.4108;-0.0686786;0.226555;0.00425789
747;1115;30.2876;-91.8536;96.7183;-0.0697084;0.244562;-0.00269697
770;1115;28.6851;-92.0669;96.4321;-0.0619602;0.245443;-0.0143614
793;1115;27.3364;-92.6229;96.5727;-0.0641782;0.232852;-7.25239e-05
816;1115;25.6316;-92.0803;95.5811;-0.0731664;0.235479;-0.00329321
839;1115;23.8376;-92.61;95.6287;-0.0723015;0.241528;-0.0107745
862;1115;22.1697;-92.8109;95.422;-0.0726122;0.241263;0.000882081
885;1115;20.3665;-92.6058;94.8189;-0.0803874;0.245124;0.00463463
908;1115;18.3082;-92.4327;94.2284;-0.0726907;0.251895;-0.00233923
931;1115;16.8912;-92.7491;94.2747;-0.0620799;0.251455;-0.00699415
954;1115;15.357;-92.7195;93.9827;-0.0717609;0.254531;-0.00428411
977;1115;13.4624;-92.7889;93.7604;-0.0775113;0.248868;-0.00749142
1000;1115;11.639;-93.1712;93.8954;-0.0823011;0.248829;0.000563027
1023;1115;9.50647;-92.8102;93.2958;-0.082448;0.247751;0.00259623
1046;1115;7.67445;-92.8567;93.1732;-0.0699566;0.254214;-0.0123633
1069;1115;6.16147;-93.5137;93.7164;-0.0616834;0.249327;-0.00398414
1092;1115;4.74335;-93.0164;93.1372;-0.0743351;0.255535;0.00765603
1115;1115;2.60372;-93.2498;93.2862;-0.0761988;0.248728;-0.00826866
1138;1115;1.09061;-93.5023;93.5086;-0.0669411;0.24948;-0.0023665
1161;1115;-0.586256;-93.1667;93.1686;-0.0759752;0.248247;-0.00346713
1184;1115;-2.54831;-93.6108;93.6455;-0.0677263;0.260086;-0.00336126
1207;1115;-3.81795;-93.671;93.7488;-0.0648469;0.249094;0.00278164
1230;1115;-5.63681;-93.1974;93.3677;-0.0757607;0.247717;0.00030243
1253;1115;-7.44722;-93.3519;93.6485;-0.07591;0.250579;-0.0105818
1276;1115;-9.27629;-93.7766;94.2343;-0.0680332;0.25682;0.00135612
1299;1115;-10.6912;-93.249;93.8599;-0.0791067;0.273679;0.013174
1322;1115;-13.0718;-93.7105;94.6178;-0.0867309;0.264592;-0.00104887
1345;1115;-14.8757;-93.8914;95.0625;-0.0684934;0.262407;0.00821656
1368;1115;-16.339;-93.5032;94.92;-0.0658473;0.266779;0.0126526
1391;1115;-18.0172;-93.1927;94.9184;-0.066574;0.255719;0.00586435
1414;1115;-19.5139;-92.9858;95.0114;-0.0751932;0.247857;0.00561535
1437;1115;-21.6177;-92.9399;95.4209;-0.0755105;0.238098;0.00191008
1460;1115;-23.1296;-92.885;95.7215;-0.0775893;0.255688;0.00307047
1483;1115;-25.3388;-93.3097;96.6889;-0.0827297;0.26198;0.00547639
1506;1115;-27.1078;-93.1173;96.9828;-0.0538447;0.240193;0.0147406
1529;1115;-27.901;-92.1762;96.3064;-0.075275;0.249448;0.00115933
1552;1115;-30.7116;-93.1702;98.1014;-0.0840064;0.226651;-0.0060532
1575;1115;-31.9453;-92.6292;97.983;-0.0613288;0.206924;0.000516655
1598;1115;-33.6293;-92.5618;98.4815;-0.060133;0.220374;-0.000939969
1621;1115;-34.8003;-92.4649;98.7968;-0.0496091;0.207543;0.00701306
655;1138;35.5267;-87.6091;94.5383;-0.011628;0.208033;0.00217502
678;1138;35.2555;-87.2955;94.1459;-0.0370445;0.224941;-0.00116104
701;1138;33.7891;-87.3551;93.6623;-0.0624137;0.232231;-0.00344132
724;1138;32.2887;-87.2014;92.9874;-0.0708719;0.237305;0.00636642
747;1138;30.3993;-86.6868;91.8625;-0.0769897;0.25103;-0.00428187
770;1138;28.5988;-87.013;91.5924;-0.0636689;0.248671;-0.0184446
793;1138;27.3638;-87.463;91.6436;-0.06824;0.248305;-0.0119755
816;1138;25.3441;-87.2349;90.8419;-0.0818912;0.233688;-0.000652382
839;1138;23.4275;-87.1775;90.2705;-0.069064;0.255722;-0.0159645
862;1138;22.0474;-87.6246;90.3558;-0.0635774;0.248983;-0.00938029
885;1138;20.4031;-87.3727;89.7233;-0.0753541;0.244444;0.00540385
908;1138;18.4381;-87.2641;89.1908;-0.0786093;0.240925;0.000912931
931;1138;16.6319;-87.6027;89.1676;-0.0769203;0.243272;-0.00174007
954;1138;14.752;-87.2561;88.4943;-0.0718922;0.248096;-0.00443096
977;1138;13.1965;-87.5296;88.5188;-0.0671828;0.241727;-0.0152293
1000;1138;11.5446;-87.9482;88.7027;-0.0756738;0.242767;-0.00367929
1023;1138;9.57269;-87.6258;88.1471;-0.0771579;0.246316;0.00319419
1046;1138;7.8461;-87.7225;88.0726;-0.0693547;0.245469;-0.00548857
1069;1138;6.25816;-88.2897;88.5112;-0.0616908;0.247436;-0.00248791
1092;1138;4.91465;-87.8807;88.018;-0.0722189;0.246676;0.00123941
1115;1138;2.80549;-87.9815;88.0263;-0.0820562;0.242957;-0.00877355
1138;1138;0.965941;-88.534;88.5393;-0.0680957;0.239587;-0.0036284
1161;1138;-0.441533;-87.9404;87.9415;-0.0680024;0.25331;0.00370397
1184;1138;-2.27803;-88.165;88.1944;-0.0757264;0.252728;-0.00974336
1207;1138;-4.07359;-88.6357;88.7292;-0.069569;0.244726;0.00268463
1230;1138;-5.59863;-87.9347;88.1127;-0.07399;0.251035;0.00820089
1253;1138;-7.61522;-88.2344;88.5624;-0.0786513;0.244025;-0.0101851
1276;1138;-9.37643;-88.5929;89.0877;-0.0473738;0.245257;0.00724471
1299;1138;-9.85454;-87.515;88.0681;-0.0586367;0.25606;0.0100177
1322;1138;-12.1631;-87.9134;88.7508;-0.0887964;0.267716;0.000501898
1345;1138;-14.1451;-88.2499;89.3763;-0.0776828;0.264384;0.0176797
1368;1138;-15.8897;-87.4664;88.898;-0.083683;0.256316;0.00569257
1391;1138;-18.1723;-87.8852;89.7443;-0.0824079;0.246819;-0.0119441
1414;1138;-19.86;-88.3372;90.5422;-0.0730768;0.234799;-0.00287637
1437;1138;-21.6677;-88.1991;90.8216;-0.0580355;0.238034;0.011977
1460;1138;-22.6178;-87.6266;90.4985;-0.0664588;0.230685;1.30426e-06
1483;1138;-24.8343;-87.9885;91.426;-0.0905574;0.246177;-0.00358443
1506;1138;-26.994;-88.096;92.1389;-0.0684644;0.265577;0.0150441
1529;1138;-28.1025;-87.483;91.8859;-0.0782559;0.222423;-0.0129962
1552;1138;-30.7494;-88.5582;93.7448;-0.084014;0.237782;-0.00550117
1575;1138;-32.1489;-88.0732;93.7574;-0.0629338;0.222055;0.00631623
1598;1138;-33.7492;-87.7511;94.0173;-0.0563837;0.221954;-0.0134359
1621;1138;-34.8231;-88.578;95.1772;-0.0449518;0.185834;-0.0226618
655;1161;35.1705;-83.1275;90.2616;-0.0247549;0.235188;0.0150709
678;1161;34.5795;-82.3228;89.2904;-0.0437562;0.251394;-0.00265377
701;1161;33.1035;-82.2785;88.6881;-0.0592395;0.247229;-0.0104228
724;1161;31.7682;-82.1416;88.0708;-0.0729451;0.246005;-0.00200432
747;1161;29.6083;-81.4808;86.6935;-0.0808219;0.240576;-0.00621363
770;1161;27.8851;-81.7842;86.4074;-0.0662667;0.242598;-0.0197975
793;1161;26.4428;-82.3555;86.4965;-0.0568392;0.241803;-0.0155374
816;1161;25.1879;-82.3598;86.1253;-0.0766059;0.250717;-0.0021781
839;1161;22.7715;-82.0673;85.1679;-0.076921;0.234911;-0.00436006
862;1161;21.5015;-82.5148;85.2702;-0.0495949;0.242773;-0.0113366
885;1161;20.4287;-82.4766;84.9689;-0.0589489;0.241116;-0.00458034
908;1161;18.7048;-82.4377;84.5331;-0.0776344;0.228322;-0.00407346
931;1161;16.7065;-82.6644;84.3357;-0.080892;0.232547;-0.00260103
954;1161;14.8197;-82.4554;83.7766;-0.0800721;0.236602;-0.00257435
977;1161;12.8625;-82.7654;83.759;-0.0715021;0.241599;-0.0154298
1000;1161;11.3988;-83.1058;83.8839;-0.0698937;0.241128;-0.00358879
1023;1161;9.52611;-82.6105;83.1579;-0.0710375;0.247258;0.00325351
1046;1161;8.00391;-82.6898;83.0763;-0.0711277;0.245717;-0.00890121
1069;1161;6.12365;-83.2718;83.4967;-0.0740809;0.242912;-0.0055169
1092;1161;4.4595;-82.8038;82.9238;-0.0738269;0.25026;-0.00350006
1115;1161;2.59193;-83.1767;83.2171;-0.0787008;0.241142;-0.0129185
1138;1161;0.677613;-83.558;83.5608;-0.0690917;0.241753;0.00315825
1161;1161;-0.707001;-82.7044;82.7074;-0.0685844;0.246866;-0.00176511
1184;1161;-2.59534;-83.1702;83.2107;-0.0659241;0.249118;-0.0136398
1207;1161;-3.85463;-83.5312;83.62;-0.0581075;0.250482;0.00319825
1230;1161;-5.35222;-82.821;82.9937;-0.0779524;0.252817;0.00485087
1253;1161;-7.5933;-83.2387;83.5843;-0.0859307;0.244663;-0.0110412
1276;1161;-9.49882;-83.6172;84.155;-0.0631468;0.239735;0.00316781
1299;1161;-10.5996;-82.6837;83.3603;-0.0530519;0.222292;-0.00549714
1322;1161;-12.0169;-82.7205;83.5888;-0.0652422;0.240248;-0.0097375
1345;1161;-13.707;-83.0275;84.1513;-0.087909;0.243168;-0.00425658
1368;1161;-16.2565;-82.9282;84.5066;-0.0900556;0.23044;-0.00141709
1391;1161;-18.0551;-82.9741;84.9157;-0.065749;0.233479;-0.00197298
1414;1161;-19.3885;-83.2216;85.4503;-0.0693439;0.240867;0.00429372
1437;1161;-21.364;-83.0535;85.7572;-0.0834591;0.246802;0.00426332
1460;1161;-23.4029;-83.2776;86.5035;-0.0773094;0.241553;-0.00400534
1483;1161;-25.0695;-83.1158;86.8143;-0.0605443;0.250751;0.0162285
1506;1161;-26.2911;-82.2029;86.3049;-0.0737519;0.258301;0.0162848
1529;1161;-28.598;-82.8878;87.6826;-0.0866424;0.233385;-0.012472
1552;1161;-30.4804;-83.2931;88.695;-0.0784126;0.25862;0.00176112
1575;1161;-32.3613;-83.352;89.4137;-0.079545;0.235224;0.00264689
1598;1161;-34.2978;-83.2909;90.0762;-0.0544453;0.210962;-0.0209607
1621;1161;-34.9556;-84.5907;91.5286;-0.0265923;0.221492;-0.0357818
655;1184;34.9468;-77.8329;85.3184;-0.0432601;0.216855;0.0203789
678;1184;33.9104;-76.921;84.0639;-0.051002;0.21016;0.00981954
701;1184;32.532;-77.1351;83.7147;-0.0605533;0.214328;-0.00349185
724;1184;31.0349;-77.0274;83.0445;-0.0677526;0.215383;0.00167529
747;1184;29.2999;-76.7144;82.1193;-0.0681022;0.207136;0.00770129
770;1184;27.7875;-76.9593;81.8223;-0.0570523;0.210966;-0.00206658
793;1184;26.59;-77.4388;81.8767;-0.064003;0.224932;0.00283952
816;1184;24.7425;-76.873;80.7567;-0.0710668;0.250473;-0.00667299
839;1184;23.1957;-77.4094;80.81;-0.0684169;0.229751;-0.00631935
862;1184;21.4741;-77.5614;80.4792;-0.0699948;0.236518;0.0014101
885;1184;19.8546;-77.3718;79.8786;-0.0670794;0.243197;-0.00960231
908;1184;18.277;-77.7463;79.8657;-0.0723308;0.232264;-0.0159737
931;1184;16.3938;-77.9243;79.6302;-0.0761668;0.231427;-0.00283086
954;1184;14.6274;-77.4234;78.7931;-0.0806554;0.237357;0.000479608
977;1184;12.5186;-77.5118;78.5162;-0.0759779;0.245964;-0.0108053
1000;1184;10.9852;-77.9469;78.7172;-0.0665713;0.246818;-0.00346239
1023;1184;9.34682;-77.391;77.9534;-0.0661225;0.245212;0.000671594
1046;1184;7.8339;-77.5453;77.94;-0.0727898;0.241186;-0.0168538
1069;1184;5.85878;-78.2197;78.4388;-0.0710639;0.24289;-0.00223386
1092;1184;4.43974;-77.5347;77.6617;-0.0701155;0.248955;0.00432869
1115;1184;2.51101;-77.9777;78.0181;-0.0785843;0.257894;-0.00643283
1138;1184;0.65923;-78.5072;78.51;-0.0759365;0.240196;0.00360951
1161;1184;-1.1266;-77.7242;77.7323;-0.0670071;0.246527;0.00829929
1184;1184;-2.53881;-77.8605;77.9018;-0.0648275;0.258768;-0.0033067
1207;1184;-4.21574;-78.2795;78.3929;-0.0623397;0.250161;0.00327152
1230;1184;-5.50346;-77.4908;77.686;-0.0721385;0.245128;-0.00065457
1253;1184;-7.66369;-78.0969;78.4721;-0.0884688;0.248103;-0.0161525
1276;1184;-9.78689;-78.643;79.2497;-0.0804964;0.241226;-0.00345964
1299;1184;-11.5292;-78.2526;79.0974;-0.0607052;0.230692;0.0012475
1322;1184;-12.6753;-77.945;78.9689;-0.0583689;0.239305;-0.00471629
1345;1184;-14.2976;-78.169;79.4658;-0.071777;0.241519;-0.00158888
1368;1184;-16.105;-77.8681;79.5161;-0.0769646;0.259891;0.0113354
1391;1184;-17.9858;-78.1712;80.2137;-0.0676024;0.244144;-0.00192988
1414;1184;-19.3302;-78.3456;80.695;-0.0666747;0.225692;-0.00381194
1437;1184;-21.1629;-77.9833;80.8039;-0.0751861;0.238339;0.00790033
1460;1184;-22.936;-77.6074;80.9257;-0.0728299;0.248917;0.00680772
1483;1184;-24.6464;-77.6223;81.4412;-0.0577734;0.232369;0.00418024
1506;1184;-25.6754;-77.4622;81.6065;-0.0684697;0.213012;-0.002538
1529;1184;-27.9122;-77.7726;82.6297;-0.0885672;0.232492;-0.000546464
1552;1184;-29.9502;-77.9028;83.4617;-0.0825973;0.222681;-0.00482312
1575;1184;-31.8863;-78.2933;84.5375;-0.0884267;0.227886;-0.00527986
1598;1184;-34.2276;-78.9007;86.0049;-0.0650927;0.218401;-0.00768777
1621;1184;-34.9972;-79.3211;86.6985;-0.0327371;0.22847;-0.0145786
655;1207;34.847;-74.0492;81.8388;-0.00801772;0.196121;0.0141495
678;1207;34.6553;-73.5013;81.2615;-0.0413686;0.179002;0.0149912
701;1207;32.8966;-73.2967;80.3405;-0.0683744;0.189961;0.00920079
724;1207;31.3928;-73.1202;79.5743;-0.0551285;0.198495;0.00988978
747;1207;30.2835;-72.7803;78.8293;-0.0588433;0.208147;0.00391256
770;1207;28.6009;-72.9363;78.3436;-0.0766387;0.202324;6.42489e-05
793;1207;26.6112;-72.967;77.6682;-0.0852471;0.224248;0.00781341
816;1207;24.4861;-72.0082;76.0575;-0.0745487;0.22475;0.00207351
839;1207;23.041;-72.4954;76.0688;-0.0608246;0.236044;-0.0145296
862;1207;21.5922;-72.6852;75.8246;-0.069557;0.233529;-0.00349492
885;1207;19.7215;-72.3989;75.0369;-0.0782664;0.234433;-0.00737496
908;1207;17.8387;-72.7763;74.9307;-0.077544;0.240076;-0.0167375
931;1207;15.9995;-73.0326;74.7646;-0.0735434;0.237647;-0.0050206
954;1207;14.3208;-72.5962;73.9953;-0.0735893;0.236201;-0.000678897
977;1207;12.4773;-72.5803;73.645;-0.0716186;0.238047;-0.00527101
1000;1207;10.8981;-72.8894;73.6996;-0.0714056;0.240467;-0.00145357
1023;1207;9.06602;-72.4543;73.0193;-0.0727876;0.237845;0.00248772
1046;1207;7.41778;-72.6866;73.0642;-0.0665732;0.235767;-0.01431
1069;1207;5.88778;-73.2017;73.4381;-0.0599923;0.240725;0.000423009
1092;1207;4.5696;-72.5049;72.6488;-0.0555643;0.239256;0.00661802
1115;1207;3.25163;-72.5466;72.6195;-0.0802418;0.252131;-0.0105269
1138;1207;0.703208;-73.5892;73.5925;-0.0829243;0.262927;0.00902138
1161;1207;-0.735733;-72.4968;72.5005;-0.0606018;0.241789;0.0157416
1184;1207;-2.18812;-72.5051;72.5381;-0.0686722;0.242383;-0.00760265
1207;1207;-4.01685;-73.1871;73.2972;-0.0725856;0.235664;-0.000641823
1230;1207;-5.65823;-72.6668;72.8868;-0.0764085;0.239206;0.00214496
1253;1207;-7.67783;-72.9718;73.3746;-0.0825917;0.245723;-0.0119375
1276;1207;-9.63939;-73.6096;74.2381;-0.0771906;0.247792;0.00517582
1299;1207;-11.3775;-73.0808;73.9611;-0.061861;0.249457;0.0192736
1322;1207;-12.5867;-72.7883;73.8685;-0.0546904;0.239196;0.00419426
1345;1207;-13.9662;-73.0093;74.3331;-0.0534758;0.243171;0.011114
1368;1207;-15.1197;-72.2311;73.7966;-0.0762644;0.260495;0.0109647
1391;1207;-17.6197;-72.8579;74.9581;-0.100042;0.25117;-0.0178461
1414;1207;-20.0085;-73.8073;76.4713;-0.0817443;0.238894;-0.00603504
1437;1207;-21.5486;-73.1552;76.2629;-0.0668777;0.236554;0.0130034
1460;1207;-23.2032;-72.9804;76.5802;-0.0691227;0.223535;-0.000462894
1483;1207;-24.8475;-73.4441;77.5335;-0.0660344;0.211287;-0.00152492
1506;1207;-26.3493;-73.2714;77.8652;-0.0674984;0.208012;-0.00372143
1529;1207;-28.0656;-73.2135;78.4085;-0.0816924;0.213213;-0.0130219
1552;1207;-30.2808;-73.9908;79.9473;-0.0731725;0.199982;-0.0109266
1575;1207;-31.5694;-73.8562;80.3204;-0.0722702;0.226104;0.00968403
1598;1207;-33.7352;-74.1551;81.4681;-0.0773323;0.237091;-0.00334296
1621;1207;-35.2934;-75.068;82.9508;-0.0646648;0.232951;-0.0265236
655;1230;34.9558;-69.556;77.8456;-0.0223353;0.212255;0.00289449
678;1230;34.435;-69.3181;77.4001;-0.0423729;0.21462;-0.0027184
701;1230;32.9612;-69.1006;76.5593;-0.0646653;0.213768;0.00401474
724;1230;31.3524;-68.659;75.4786;-0.0731127;0.215127;0.00836922
747;1230;29.4501;-67.9709;74.0766;-0.0695153;0.22204;-0.0103171
770;1230;28.0345;-68.4417;73.9608;-0.0691112;0.220885;-0.0118487
793;1230;26.1527;-68.0779;72.9285;-0.0770025;0.229333;0.00479644
816;1230;24.3337;-67.4927;71.7453;-0.0732771;0.218519;0.00256232
839;1230;22.6458;-67.6005;71.2927;-0.0697846;0.237035;-0.0139203
862;1230;21.0016;-67.8472;71.0233;-0.0713789;0.240201;-0.0113849
885;1230;19.236;-67.6247;70.3073;-0.074421;0.237273;-0.00985623
908;1230;17.4403;-67.7883;69.9958;-0.0747367;0.2414;-0.0141056
931;1230;15.6568;-68.0568;69.8346;-0.0726804;0.238841;-0.00228944
954;1230;13.9654;-67.6097;69.037;-0.0686642;0.233803;0.00150981
977;1230;12.3795;-67.6245;68.7483;-0.0689405;0.235767;-0.00936821
1000;1230;10.6751;-67.9687;68.8019;-0.0641341;0.239052;-0.00496111
1023;1230;9.32797;-67.5112;68.1525;-0.0687792;0.234322;0.00192561
1046;1230;7.39367;-67.7459;68.1482;-0.0763474;0.235361;-0.0120496
1069;1230;5.66447;-68.2312;68.4659;-0.0661907;0.236837;-0.00318508
1092;1230;4.24061;-67.6017;67.7346;-0.0580729;0.234035;0.0033688
1115;1230;2.9055;-67.5608;67.6233;-0.0577905;0.225691;-0.00923367
1138;1230;1.50055;-67.6917;67.7084;-0.0811002;0.256206;0.00218705
1161;1230;-0.990278;-67.6953;67.7026;-0.0809227;0.23086;-0.00327801
1184;1230;-2.38625;-67.8092;67.8512;-0.0645098;0.22911;-0.0115251
1207;1230;-4.06739;-68.4825;68.6032;-0.0668714;0.23947;0.00284374
1230;1230;-5.57343;-67.5595;67.789;-0.0738836;0.256388;0.0124319
1253;1230;-7.60555;-67.9196;68.3441;-0.0740465;0.240725;-0.00830275
1276;1230;-9.12413;-68.3917;68.9976;-0.0651891;0.238096;0.00585094
1299;1230;-10.7089;-67.9407;68.7795;-0.0678082;0.23611;0.0136667
1322;1230;-12.3586;-68.0149;69.1286;-0.0676544;0.229077;0.00159228
1345;1230;-13.9344;-68.089;69.5002;-0.0599276;0.227041;0.0126274
1368;1230;-15.212;-67.144;68.8457;-0.0777151;0.226319;0.00128733
1391;1230;-17.6612;-67.79;70.0528;-0.0893131;0.232643;-0.0135092
1414;1230;-19.5421;-68.4264;71.1622;-0.0690263;0.24213;0.00398188
1437;1230;-20.9558;-68.1527;71.3018;-0.0644144;0.237831;0.0122718
1460;1230;-22.6075;-68.273;71.9188;-0.072475;0.224171;-0.000467833
1483;1230;-24.4244;-68.7578;72.967;-0.0777713;0.220908;-0.00362716
1506;1230;-26.3386;-68.7276;73.6017;-0.0803565;0.220633;0.000340083
1529;1230;-28.2827;-68.8346;74.4185;-0.0805937;0.215938;-0.00688165
1552;1230;-30.2153;-69.4762;75.7622;-0.0513549;0.231498;0.00917359
1575;1230;-30.709;-68.8723;75.4085;-0.0578798;0.232875;0.0180855
1598;1230;-32.9616;-69.0637;76.5262;-0.0935818;0.222116;-0.000778328
1621;1230;-35.2435;-69.6274;78.0389;-0.0939892;0.229262;-0.0121396
655;1253;34.5387;-65.1477;73.737;-0.0301758;0.210865;0.00439489
678;1253;33.8248;-64.5142;72.8437;-0.0442545;0.224031;-0.00541089
701;1253;32.4483;-64.3379;72.0574;-0.0642912;0.218814;-0.00857966
724;1253;30.7638;-64.1109;71.1099;-0.072412;0.220738;-0.00225525
747;1253;28.9792;-63.5175;69.816;-0.0670818;0.222171;-0.00675967
770;1253;27.5651;-63.7121;69.4195;-0.0658173;0.235552;-0.0120557
793;1253;25.8447;-63.4157;68.4799;-0.0718848;0.23311;-0.000893014
816;1253;24.1217;-62.8662;67.3351;-0.077471;0.22898;0.000123537
839;1253;22.1243;-62.6537;66.4453;-0.075775;0.238068;-0.00940218
862;1253;20.4927;-62.727;65.9896;-0.0724522;0.249412;-0.0125102
885;1253;18.661;-62.5507;65.275;-0.0730044;0.245012;-0.0120792
908;1253;17.0021;-62.7682;65.0302;-0.0655323;0.236644;-0.0158645
931;1253;15.537;-63.117;65.0011;-0.0650283;0.233954;-0.00899076
954;1253;13.9065;-62.8712;64.3908;-0.0735452;0.231868;-0.00503172
977;1253;12.0181;-62.7811;63.921;-0.0760932;0.231695;-0.0102461
1000;1253;10.2617;-62.9675;63.7982;-0.0641473;0.23065;-0.00496053
1023;1253;8.96597;-62.708;63.3458;-0.0651121;0.230017;-0.00554928
1046;1253;7.16207;-62.9015;63.3079;-0.074709;0.232444;-0.0140106
1069;1253;5.38535;-63.3623;63.5907;-0.0656593;0.235984;-0.00169885
1092;1253;4.03529;-62.772;62.9016;-0.0614871;0.233277;-0.00164353
1115;1253;2.46359;-63.1345;63.1825;-0.0616849;0.226898;-0.0108813
1138;1253;1.1037;-63.0197;63.0294;-0.0706342;0.217276;-0.0052403
1161;1253;-0.909983;-62.8823;62.8889;-0.0713707;0.233222;0.00279574
1184;1253;-2.30574;-62.9571;62.9993;-0.0661446;0.236792;-0.00317495
1207;1253;-4.06207;-63.2457;63.376;-0.060134;0.240679;0.0100665
1230;1253;-5.16918;-62.0912;62.306;-0.0700758;0.23272;0.00520269
1253;1253;-7.40799;-62.9836;63.4178;-0.0798712;0.230095;-0.0171901
1276;1253;-9.03462;-63.7235;64.3608;-0.0652791;0.235408;0.00175987
1299;1253;-10.5168;-63.2733;64.1413;-0.0671325;0.237514;0.0144586
1322;1253;-12.2367;-63.2425;64.4154;-0.0697618;0.229485;0.00014489
1345;1253;-13.8472;-63.5401;65.0315;-0.0660104;0.227496;0.00762073
1368;1253;-15.383;-62.79;64.6469;-0.0717731;0.21235;0.00574694
1391;1253;-17.2781;-63.1764;65.4965;-0.0780701;0.220607;-0.00612176
1414;1253;-19.138;-63.7722;66.5819;-0.0683647;0.225213;0.00584074
1437;1253;-20.5386;-63.285;66.5344;-0.0696516;0.233088;0.011216
1460;1253;-22.4623;-63.6257;67.4743;-0.084521;0.238673;-0.00331009
1483;1253;-24.6166;-64.2098;68.7669;-0.0782007;0.223311;-0.00315199
1506;1253;-26.2145;-64.0473;69.2045;-0.0663806;0.223397;0.00620563
1529;1253;-27.7788;-64.1702;69.9248;-0.0656485;0.219029;0.00380205
1552;1253;-29.3417;-64.3597;70.7327;-0.05394;0.22622;0.0128434
1575;1253;-30.3308;-64.1786;70.9849;-0.0724557;0.219427;0.00295705
1598;1253;-32.8082;-64.8819;72.7051;-0.096359;0.210967;-0.00413771
1621;1253;-35.022;-65.5148;74.2881;-0.0912393;0.192781;-0.00645798
655;1276;33.8145;-60.7191;69.4999;-0.0387483;0.206009;0.00503064
678;1276;32.8931;-59.9853;68.4119;-0.0468954;0.212721;-0.0063657
701;1276;31.5976;-59.9629;67.7787;-0.0595644;0.233964;-0.01568
724;1276;30.0629;-59.4458;66.6151;-0.0694113;0.24871;-0.00819554
747;1276;28.2668;-58.7004;65.1517;-0.0700513;0.236907;-0.00891984
770;1276;26.7118;-58.6644;64.4595;-0.0693416;0.233812;-0.0115678
793;1276;24.957;-58.3905;63.5004;-0.0703917;0.232238;-0.00552847
816;1276;23.3452;-57.9583;62.4833;-0.071755;0.239672;-0.00650727
839;1276;21.5232;-57.7234;61.6055;-0.0776502;0.235299;-0.00812057
862;1276;19.6207;-57.548;60.8008;-0.0718798;0.230427;-0.00993697
885;1276;18.0879;-57.4858;60.2643;-0.0632329;0.227234;-0.0148436
908;1276;16.6117;-57.96;60.2936;-0.0666576;0.227705;-0.0205384
931;1276;14.9037;-58.3296;60.2035;-0.0749478;0.231095;-0.0126156
954;1276;13.0242;-57.9646;59.4098;-0.071585;0.237798;-0.00861142
977;1276;11.4822;-57.9852;59.1111;-0.0616798;0.229639;-0.013762
1000;1276;10.0917;-58.365;59.2311;-0.0587533;0.221696;-0.00391511
1023;1276;8.69512;-57.9321;58.581;-0.0678771;0.228767;-0.00353098
1046;1276;6.85455;-58.0735;58.4766;-0.0704573;0.226912;-0.0146418
1069;1276;5.32825;-58.4228;58.6653;-0.0645043;0.227217;-0.00172178
1092;1276;3.78457;-57.897;58.0206;-0.0665754;0.229175;-0.00313492
1115;1276;2.15523;-58.1021;58.1421;-0.0656145;0.237746;-0.0176697
1138;1276;0.654393;-58.6027;58.6064;-0.0620648;0.222045;-0.00576268
1161;1276;-0.794458;-57.9911;57.9966;-0.0605673;0.236954;0.00613457
1184;1276;-2.22626;-57.9695;58.0122;-0.0713041;0.229078;-0.00762793
1207;1276;-4.20354;-58.4956;58.6464;-0.0665998;0.224688;0.00197968
1230;1276;-5.39939;-57.8743;58.1256;-0.0625826;0.214712;0.00215547
1253;1276;-7.17883;-58.3356;58.7757;-0.0665;0.226017;-0.0064899
1276;1276;-8.57375;-58.6069;59.2307;-0.0575352;0.240438;0.00830213
1299;1276;-9.90707;-58.0791;58.9181;-0.0716382;0.237454;0.00503586
1322;1276;-11.9967;-58.4536;59.672;-0.0803394;0.234269;-0.00136981
1345;1276;-13.7677;-58.6026;60.1982;-0.0653752;0.247836;0.00905095
1368;1276;-15.1098;-58.2382;60.1663;-0.06761;0.223813;0.00366773
1391;1276;-16.9906;-58.5708;60.9854;-0.077312;0.225767;-0.000956014
1414;1276;-18.8229;-59.0316;61.9599;-0.0639828;0.244955;0.0170084
1437;1276;-20.0347;-58.4609;61.7986;-0.0606578;0.231347;0.0199814
1460;1276;-21.7084;-58.3691;62.2752;-0.0859904;0.233657;-0.00272353
1483;1276;-24.188;-59.4315;64.1651;-0.0842778;0.233907;-0.00190662
1506;1276;-25.7767;-59.4005;64.7522;-0.0695031;0.224077;0.00695065
1529;1276;-27.5054;-59.6773;65.711;-0.0665789;0.226855;0.00342231
1552;1276;-28.9536;-60.0526;66.668;-0.0473474;0.223807;0.0157727
1575;1276;-29.7376;-59.7029;66.699;-0.0561099;0.215093;0.0113891
1598;1276;-31.6118;-60.2277;68.0197;-0.0925774;0.222265;-0.00397432
1621;1276;-34.2524;-61.4899;70.3863;-0.106713;0.252252;-0.0145944
655;1299;33.2045;-56.5029;65.5372;-0.0394273;0.232598;0.00303462
678;1299;32.2613;-55.6163;64.2959;-0.0620629;0.22077;0.00297296
701;1299;30.2152;-54.65;62.4466;-0.081948;0.239952;-0.00332679
724;1299;28.2871;-53.8756;60.8501;-0.0657932;0.226681;-0.0104255
747;1299;27.0716;-53.7058;60.143;-0.0481909;0.226655;-0.0224307
770;1299;26.0139;-54.0067;59.9454;-0.0569159;0.224564;-0.017844
793;1299;24.3743;-53.768;59.0348;-0.071225;0.227133;-0.00422315
816;1299;22.5984;-52.9379;57.5596;-0.0751;0.243322;-0.0110648
839;1299;20.7701;-52.8867;56.8191;-0.0712505;0.227674;-0.0205584
862;1299;19.1944;-53.1439;56.504;-0.063866;0.205846;-0.012126
885;1299;17.7315;-53.0819;55.9651;-0.0657025;0.216404;-0.0125064
908;1299;16.0655;-53.2816;55.6509;-0.0720913;0.22845;-0.0189572
931;1299;14.2842;-53.5074;55.3812;-0.0725067;0.232195;-0.00921191
954;1299;12.5987;-53.0084;54.485;-0.0651382;0.230373;-0.00717058
977;1299;11.1823;-53.2191;54.3812;-0.0586647;0.223412;-0.0177124
1000;1299;9.81039;-53.7043;54.593;-0.0619584;0.227993;-0.00944059
1023;1299;8.23798;-53.1777;53.812;-0.0724406;0.229989;-0.00921856
1046;1299;6.347;-53.4432;53.8187;-0.0680462;0.222278;-0.0168854
1069;1299;4.98753;-53.8878;54.1181;-0.0638409;0.217381;-0.00158197
1092;1299;3.30952;-53.2262;53.329;-0.0700516;0.218142;0.00200438
1115;1299;1.63906;-53.2644;53.2896;-0.0612938;0.22091;-0.010857
1138;1299;0.394725;-53.7459;53.7474;-0.0583335;0.225059;-0.000432785
1161;1299;-1.12807;-53.0366;53.0486;-0.0590016;0.22963;0.00214213
1184;1299;-2.40582;-53.4102;53.4644;-0.0601075;0.218922;-0.0122675
1207;1299;-3.9895;-53.8663;54.0139;-0.0580905;0.216002;0.00592794
1230;1299;-5.16162;-53.0943;53.3446;-0.0653336;0.221418;0.00751088
1253;1299;-7.10115;-53.5543;54.023;-0.0709357;0.22739;-0.00426571
1276;1299;-8.55442;-53.7476;54.4241;-0.0654428;0.221482;0.0039294
1299;1299;-10.2173;-53.409;54.3775;-0.0656608;0.224427;0.00403383
1322;1299;-11.6818;-53.5009;54.7614;-0.0634812;0.237117;0.00942418
1345;1299;-13.2367;-53.2865;54.9059;-0.0707678;0.225354;0.0101542
1368;1299;-15.0613;-53.445;55.5266;-0.0650141;0.229392;0.00458899
1391;1299;-16.3341;-53.7638;56.1903;-0.0537792;0.23466;0.0124614
1414;1299;-17.6059;-53.6446;56.4598;-0.0650745;0.229397;0.014486
1437;1299;-19.4319;-53.6628;57.0727;-0.0799677;0.228705;0.0076785
1460;1299;-21.4455;-53.9139;58.0226;-0.0831441;0.223389;0.00191393
1483;1299;-23.4385;-54.4917;59.3187;-0.078274;0.240288;0.0109379
1506;1299;-25.2066;-54.7004;60.2288;-0.0662754;0.225286;0.0137109
1529;1299;-26.5961;-54.7207;60.8417;-0.0544409;0.229744;0.0133837
1552;1299;-27.7843;-55.0359;61.6516;-0.0507723;0.236835;0.0182042
1575;1299;-28.9966;-55.1832;62.3377;-0.0640092;0.214192;0.00406579
1598;1299;-30.8336;-55.6304;63.6038;-0.0840948;0.217263;0.00957918
1621;1299;-33.043;-55.1267;64.2713;-0.0912057;0.213802;0.0302409
655;1322;31.8686;-51.0723;60.1996;-0.0449811;0.209983;-0.0159454
678;1322;30.808;-50.7952;59.4077;-0.0612486;0.227395;-0.0114054
701;1322;28.9474;-50.0661;57.8322;-0.06286;0.216204;-0.0103717
724;1322;27.8126;-50.0359;57.2463;-0.0565281;0.198854;-0.00386209
747;1322;26.2621;-49.2821;55.8428;-0.0581815;0.208861;-0.00818017
770;1322;25.0475;-49.3147;55.3111;-0.0654265;0.229234;-0.0192271
793;1322;23.1457;-48.9473;54.1439;-0.0821521;0.224997;-0.00360299
816;1322;21.0758;-47.9173;52.3475;-0.0710031;0.235317;-0.0200581
839;1322;19.749;-48.2584;52.143;-0.0506124;0.226678;-0.0365248
862;1322;18.6744;-48.9014;52.3458;-0.0573526;0.214987;-0.0187877
885;1322;17.0301;-48.434;51.3408;-0.0709952;0.222812;-0.0114214
908;1322;15.2813;-48.453;50.8056;-0.0711752;0.229386;-0.0201259
931;1322;13.6297;-48.6787;50.5508;-0.0699325;0.224576;-0.0111549
954;1322;11.9433;-48.3789;49.8313;-0.0629102;0.220917;-0.00999594
977;1322;10.6386;-48.661;49.8104;-0.0596284;0.220104;-0.0185408
1000;1322;9.11052;-48.8681;49.7101;-0.0671606;0.219468;-0.00711503
1023;1322;7.43679;-48.3648;48.9332;-0.0632801;0.217836;-0.00888185
1046;1322;6.10114;-48.7914;49.1713;-0.0535295;0.222519;-0.0185409
1069;1322;4.89414;-49.325;49.5672;-0.0615306;0.220482;-0.00467829
1092;1322;3.17784;-48.7716;48.875;-0.0658623;0.217495;0.00290737
1115;1322;1.75511;-48.8687;48.9002;-0.0601494;0.213553;-0.00558209
1138;1322;0.32011;-49.2102;49.2112;-0.0583886;0.213124;0.00453825
1161;1322;-1.01641;-48.4236;48.4343;-0.0567081;0.212171;0.00683544
1184;1322;-2.36878;-48.811;48.8685;-0.0630275;0.216972;-0.0108839
1207;1322;-4.02554;-49.4493;49.6129;-0.0567909;0.220454;0.00505489
1230;1322;-5.0603;-48.621;48.8836;-0.0574287;0.21627;0.0102962
1253;1322;-6.7519;-48.8547;49.319;-0.0692999;0.216649;-0.00358315
1276;1322;-8.37317;-49.3505;50.0558;-0.0646189;0.219501;0.00928026
1299;1322;-9.82741;-48.7098;49.6913;-0.0600039;0.225925;0.0202838
1322;1322;-11.228;-48.6067;49.8866;-0.06313;0.217728;0.000668679
1345;1322;-12.8322;-49.2057;50.8514;-0.0592447;0.202287;0.00812246
1368;1322;-14.0392;-48.6896;50.6732;-0.0567099;0.230869;0.0249513
1391;1322;-15.521;-48.8311;51.2384;-0.072751;0.23184;0.00555071
1414;1322;-17.5247;-49.4877;52.499;-0.0709443;0.205561;0.003499
1437;1322;-18.9093;-48.9396;52.4657;-0.0609896;0.221001;0.0145602
1460;1322;-20.4236;-49.0542;53.136;-0.0658839;0.222319;0.00915129
1483;1322;-22.0507;-49.5;54.1894;-0.0770328;0.240364;0.0119582
1506;1322;-24.1264;-50.0228;55.537;-0.0775295;0.237851;0.0166781
1529;1322;-25.7719;-50.1321;56.3686;-0.0522063;0.214902;0.0157215
1552;1322;-26.5947;-50.2609;56.8633;-0.0590196;0.215654;0.013296
1575;1322;-28.5762;-50.7382;58.232;-0.0854719;0.21008;0.00474423
1598;1322;-30.7197;-51.1399;59.6573;-0.0809866;0.20354;-0.0115857
1621;1322;-32.5053;-52.5558;61.7957;-0.0727261;0.144956;-0.0214646
655;1345;30.9748;-47.7336;56.9029;-0.0456046;0.163603;0.0181034
678;1345;29.8461;-46.1861;54.9904;-0.0569843;0.196054;0.00901056
701;1345;28.2232;-45.6317;53.6545;-0.061364;0.204357;-0.00500479
724;1345;26.9257;-45.5093;52.8781;-0.0602465;0.211064;-0.00694951
747;1345;25.3577;-44.9612;51.6191;-0.0677671;0.202701;-0.00346562
770;1345;23.6831;-44.5028;50.4122;-0.0668014;0.217345;-0.0137255
793;1345;22.1713;-44.4206;49.6463;-0.0823556;0.217352;-0.00328319
816;1345;19.7051;-43.2289;47.5082;-0.0769089;0.200918;-0.00456828
839;1345;18.4754;-43.4788;47.2414;-0.044917;0.218184;-0.0341081
862;1345;17.5804;-44.1601;47.5309;-0.0520276;0.226446;-0.0299215
885;1345;16.0152;-43.8008;46.6369;-0.0670114;0.221715;-0.0169719
908;1345;14.3851;-43.7483;46.0527;-0.0617148;0.222673;-0.0231602
931;1345;13.0815;-44.1453;46.0427;-0.0588659;0.220935;-0.0152152
954;1345;11.5925;-43.7824;45.2911;-0.0649428;0.220155;-0.0102304
977;1345;9.99009;-44.028;45.1471;-0.06026;0.221516;-0.0213718
1000;1345;8.72498;-44.5354;45.382;-0.057481;0.214781;-0.00939932
1023;1345;7.26524;-44.0694;44.6642;-0.0622781;0.21262;-0.00118935
1046;1345;5.76322;-44.1498;44.5244;-0.058169;0.2183;-0.0137559
1069;1345;4.50257;-44.6714;44.8978;-0.0580627;0.224735;-0.00814492
1092;1345;3.00993;-44.1231;44.2257;-0.0600559;0.22124;0.000560926
1115;1345;1.65016;-44.3121;44.3428;-0.0576082;0.221061;-0.0106006
1138;1345;0.273425;-44.8103;44.8111;-0.0552512;0.217654;0.00046567
1161;1345;-0.966133;-44.1378;44.1483;-0.0515089;0.214064;0.00679687
1184;1345;-2.16305;-44.327;44.3797;-0.0583762;0.221419;-0.00332423
1207;1345;-3.73779;-44.6495;44.8057;-0.057939;0.225023;0.00810333
1230;1345;-4.91124;-44.0381;44.3111;-0.0585528;0.217637;0.00389469
1253;1345;-6.51537;-44.486;44.9606;-0.0612837;0.211798;-0.00444113
1276;1345;-7.82572;-44.5715;45.2533;-0.0562547;0.224253;0.015354
1299;1345;-9.18309;-43.992;44.9402;-0.0662198;0.216268;0.0128291
1322;1345;-10.9803;-44.3926;45.7304;-0.0660484;0.204256;-0.00276083
1345;1345;-12.3361;-44.7772;46.4454;-0.0450353;0.21988;0.0203248
1368;1345;-13.104;-43.8643;45.7799;-0.0507403;0.223273;0.0224168
1391;1345;-14.7373;-44.1347;46.5302;-0.0831717;0.219341;-0.00141801
1414;1345;-17.1193;-45.0031;48.1492;-0.0795851;0.219919;0.0119385
1437;1345;-18.5578;-44.4313;48.1512;-0.0569417;0.210327;0.0198234
1460;1345;-19.8192;-44.649;48.8501;-0.0508855;0.204588;0.0135831
1483;1345;-20.9616;-44.5714;49.2544;-0.0607053;0.221888;0.0155096
1506;1345;-22.7025;-44.8764;50.2921;-0.0789799;0.233593;0.00813886
1529;1345;-24.7671;-45.7468;52.021;-0.0629217;0.21137;0.00597837
1552;1345;-25.71;-46.0418;52.7338;-0.0548233;0.196973;0.00504964
1575;1345;-27.3669;-46.3891;53.8599;-0.0815766;0.200168;0.00503816
1598;1345;-29.6423;-47.078;55.6327;-0.0882397;0.196388;-0.00967704
1621;1345;-31.6984;-48.8999;58.2751;-0.0822619;0.198202;-0.0304561
655;1368;29.8732;-44.1158;53.2786;-0.032693;0.18392;0.0104332
678;1368;29.0533;-42.5492;51.5221;-0.0465963;0.186459;0.00743641
701;1368;27.5983;-41.4857;49.827;-0.0580733;0.221263;-0.0116175
724;1368;26.2784;-41.201;48.868;-0.0622045;0.221819;-0.0178011
747;1368;24.636;-40.7735;47.6383;-0.0686101;0.209139;-0.00889842
770;1368;22.9955;-40.2548;46.3599;-0.0728083;0.204737;-0.0102089
793;1368;21.1458;-39.8852;45.1439;-0.074827;0.211329;-0.0147621
816;1368;19.4069;-39.4793;43.9914;-0.0734233;0.193155;-0.0056874
839;1368;17.6283;-39.1689;42.953;-0.0677755;0.206481;-0.0176676
862;1368;16.1758;-39.5112;42.6942;-0.0591678;0.216636;-0.0246471
885;1368;14.8209;-39.2124;41.9198;-0.0575257;0.213722;-0.0190049
908;1368;13.4475;-39.1811;41.4245;-0.0556868;0.213202;-0.0239485
931;1368;12.183;-39.4618;41.2996;-0.0562393;0.219814;-0.0191027
954;1368;10.7833;-39.1852;40.6418;-0.0564996;0.215601;-0.0150245
977;1368;9.50607;-39.4145;40.5447;-0.0535676;0.218079;-0.0214142
1000;1368;8.24395;-39.8754;40.7187;-0.056527;0.217883;-0.0147304
1023;1368;6.82785;-39.4518;40.0383;-0.0574027;0.218116;-0.0114885
1046;1368;5.52241;-39.6596;40.0422;-0.0582415;0.212067;-0.0148058
1069;1368;4.06295;-39.95;40.1561;-0.0579833;0.217087;-0.00519169
1092;1368;2.77281;-39.5256;39.6227;-0.052176;0.21214;0.000209981
1115;1368;1.59556;-39.6283;39.6604;-0.0554357;0.214662;-0.00833386
1138;1368;0.14406;-40.1005;40.1007;-0.0541286;0.219506;0.00193231
1161;1368;-0.966024;-39.4517;39.4635;-0.0462849;0.216673;0.00686812
1184;1368;-2.0401;-39.5576;39.6102;-0.0555875;0.214814;-0.00968564
1207;1368;-3.60262;-40.0587;40.2204;-0.0599827;0.21613;0.00403046
1230;1368;-4.88745;-39.5119;39.8131;-0.0611761;0.209757;0.00288026
1253;1368;-6.50859;-39.9705;40.497;-0.0552235;0.21483;-0.000210048
1276;1368;-7.50472;-39.9945;40.6925;-0.0483463;0.210498;0.0115813
1299;1368;-8.79013;-39.6628;40.6252;-0.0630005;0.204637;0.00870274
1322;1368;-10.5003;-40.0184;41.373;-0.0578831;0.210702;0.00933227
1345;1368;-11.5361;-40.0255;41.6548;-0.0461309;0.222044;0.0268849
1368;1368;-12.6783;-39.381;41.3715;-0.055545;0.207783;0.0162937
1391;1368;-14.1679;-39.6729;42.1268;-0.0681644;0.204516;-0.000472435
1414;1368;-15.9389;-40.3136;43.3501;-0.0681505;0.226949;0.0189401
1437;1368;-17.42;-40.1319;43.7496;-0.0629002;0.225428;0.0265939
1460;1368;-18.9298;-40.4686;44.6771;-0.059359;0.213394;0.0221153
1483;1368;-20.237;-40.2575;45.0577;-0.0596149;0.210996;0.0253541
1506;1368;-21.7592;-40.3544;45.847;-0.0721332;0.219542;0.0136213
1529;1368;-23.6971;-41.3032;47.6183;-0.0733744;0.216477;0.00605689
1552;1368;-25.2989;-41.9662;49.002;-0.0634962;0.191842;0.000289241
1575;1368;-26.7295;-42.3351;50.0672;-0.0656327;0.200363;0.00446152
1598;1368;-28.4343;-42.9007;51.4683;-0.0848422;0.205526;0.000356763
1621;1368;-30.856;-44.2228;53.9236;-0.0980964;0.259441;-0.0131766
655;1391;28.1754;-40.0073;48.933;-0.0335841;0.213162;0.00952403
678;1391;27.3273;-38.3461;47.0872;-0.0562555;0.210902;0.0128722
701;1391;25.3648;-36.4573;44.4129;-0.0634382;0.224733;-0.00863233
724;1391;24.2617;-36.3039;43.6646;-0.044621;0.223989;-0.0340042
747;1391;23.2636;-36.2192;43.0468;-0.057662;0.223957;-0.0304209
770;1391;21.5264;-35.9336;41.8881;-0.0744603;0.223063;-0.026622
793;1391;19.6961;-35.6098;40.6939;-0.0690115;0.207412;-0.017512
816;1391;18.2257;-35.088;39.5391;-0.0614845;0.214498;-0.0177735
839;1391;16.7679;-34.8262;38.6526;-0.0631857;0.210419;-0.0244311
862;1391;15.221;-35.1398;38.2947;-0.0637064;0.215161;-0.0233558
885;1391;13.7376;-34.8893;37.4964;-0.0601698;0.208073;-0.0182102
908;1391;12.3635;-34.8468;36.975;-0.0532047;0.202592;-0.021158
931;1391;11.2212;-34.9838;36.7394;-0.0487226;0.208287;-0.0187309
954;1391;10.0648;-34.7725;36.1998;-0.051657;0.20653;-0.0161041
977;1391;8.78018;-34.9149;36.002;-0.0575111;0.211217;-0.0246884
1000;1391;7.33341;-35.4342;36.1851;-0.0613233;0.212122;-0.0158186
1023;1391;5.86705;-34.9594;35.4482;-0.0505354;0.214237;-0.0130556
1046;1391;4.94653;-35.2608;35.6061;-0.0433381;0.214191;-0.020218
1069;1391;3.82383;-35.5874;35.7922;-0.0492023;0.208129;-0.00658629
1092;1391;2.62461;-35.2266;35.3243;-0.0478624;0.209877;-0.00140701
1115;1391;1.56596;-35.3172;35.3519;-0.0505125;0.210884;-0.00983691
1138;1391;0.237325;-35.6292;35.63;-0.0539039;0.215542;0.00234068
1161;1391;-0.985046;-35.0654;35.0793;-0.0544041;0.211728;0.00375665
1184;1391;-2.33837;-35.3264;35.4037;-0.0510705;0.210899;-0.00693443
1207;1391;-3.40082;-35.5991;35.7612;-0.0508554;0.21222;0.00642664
1230;1391;-4.74054;-35.2324;35.5499;-0.0533461;0.209684;0.00943125
1253;1391;-5.92408;-35.4877;35.9788;-0.0497211;0.218331;0.00830289
1276;1391;-7.09056;-35.7419;36.4384;-0.0502397;0.209572;0.0122402
1299;1391;-8.29638;-35.3913;36.3507;-0.0532122;0.207268;0.0142547
1322;1391;-9.60752;-35.5674;36.8421;-0.0476474;0.211937;0.0158718
1345;1391;-10.5432;-35.528;37.0594;-0.0497688;0.213122;0.0232992
1368;1391;-11.9589;-35.1466;37.1255;-0.0640996;0.206305;0.0170362
1391;1391;-13.5929;-35.5435;38.054;-0.0567294;0.205556;0.0125993
1414;1391;-14.6493;-35.5924;38.4892;-0.045571;0.2306;0.0321853
1437;1391;-15.7415;-35.0953;38.4639;-0.059886;0.234753;0.0282196
1460;1391;-17.4922;-35.7521;39.8019;-0.0605326;0.2196;0.0169912
1483;1391;-18.6211;-35.7676;40.3245;-0.0528805;0.202136;0.0233217
1506;1391;-19.9926;-35.7606;40.9698;-0.0720524;0.203872;0.0127178
1529;1391;-22.0757;-36.7479;42.8689;-0.0897463;0.215885;0.000721835
1552;1391;-24.3825;-37.9483;45.1063;-0.0761338;0.20152;0.00862251
1575;1391;-25.74;-37.9713;45.8734;-0.0581912;0.20888;0.0206307
1598;1391;-27.1454;-38.4927;47.1016;-0.0766602;0.205438;0.0249656
1621;1391;-29.414;-38.2541;48.2552;-0.0937143;0.270789;0.0333049
655;1414;26.6699;-35.272;44.2199;-0.0344625;0.234023;0.000216212
678;1414;25.8139;-33.7948;42.5259;-0.0517196;0.211017;0.00591633
701;1414;24.1184;-32.214;40.2423;-0.0645955;0.18995;-0.00499526
724;1414;22.7007;-31.964;39.2049;-0.0615728;0.192296;-0.0212924
747;1414;21.1876;-31.5295;37.9872;-0.0659998;0.21465;-0.0249223
770;1414;19.5475;-31.0451;36.6865;-0.0602142;0.218511;-0.0318831
793;1414;18.3279;-31.2424;36.2216;-0.0607171;0.210634;-0.0241196
816;1414;16.6614;-30.5592;34.8061;-0.0636974;0.211806;-0.0204655
839;1414;15.2896;-30.3873;34.017;-0.0570792;0.208009;-0.029461
862;1414;13.9562;-30.5418;33.5794;-0.0554641;0.215739;-0.0279042
885;1414;12.6631;-30.5141;33.0373;-0.0518259;0.208609;-0.0241285
908;1414;11.5068;-30.687;32.7734;-0.0505312;0.203851;-0.0254337
931;1414;10.2761;-30.7459;32.4177;-0.0502805;0.199491;-0.0187559
954;1414;9.1323;-30.5289;31.8655;-0.0496954;0.200722;-0.0183221
977;1414;7.92998;-30.5749;31.5865;-0.0504608;0.196898;-0.0245945
1000;1414;6.74685;-30.9986;31.7244;-0.0546657;0.20396;-0.0119986
1023;1414;5.34251;-30.4932;30.9577;-0.0504956;0.201513;-0.00488434
1046;1414;4.36119;-30.695;31.0033;-0.0415905;0.211181;-0.0182299
1069;1414;3.38197;-31.2112;31.3939;-0.0438435;0.212071;-0.00913304
1092;1414;2.29812;-30.717;30.8029;-0.047355;0.211119;-0.00131022
1115;1414;1.14734;-30.7807;30.8021;-0.0475819;0.209454;-0.0100842
1138;1414;0.0532092;-31.0717;31.0717;-0.0452216;0.207171;0.000910956
1161;1414;-0.982649;-30.5697;30.5855;-0.0444751;0.205409;0.00538587
1184;1414;-2.04179;-30.7076;30.7754;-0.0448285;0.211435;-0.000957002
1207;1414;-3.09715;-31.1601;31.3136;-0.0439464;0.212778;0.00829041
1230;1414;-4.10982;-30.7143;30.9881;-0.0417432;0.214074;0.0167349
1253;1414;-5.06025;-30.8536;31.2658;-0.0492854;0.206449;0.00492137
1276;1414;-6.43852;-31.2061;31.8633;-0.0541435;0.20871;0.0113329
1299;1414;-7.62233;-30.9655;31.8898;-0.0498882;0.209797;0.0159455
1322;1414;-8.7937;-31.1549;32.3721;-0.0463476;0.203981;0.0137165
1345;1414;-9.80642;-31.1171;32.6257;-0.0463561;0.205389;0.0207061
1368;1414;-10.9799;-30.7349;32.6373;-0.0542715;0.209887;0.0213746
1391;1414;-12.3746;-31.0588;33.4333;-0.0512353;0.219442;0.0253646
1414;1414;-13.4005;-30.7667;33.5584;-0.0439418;0.234259;0.03616
1437;1414;-14.4467;-30.4485;33.7019;-0.0630578;0.204862;0.0163363
1460;1414;-16.4027;-31.3419;35.3746;-0.0729809;0.202908;0.00671305
1483;1414;-17.9575;-31.7943;36.515;-0.0596789;0.188281;0.0128966
1506;1414;-19.2379;-31.8344;37.1958;-0.0584668;0.189151;0.011068
1529;1414;-20.734;-32.341;38.4166;-0.0750357;0.209824;0.00537688
1552;1414;-22.8639;-33.5337;40.5865;-0.0685172;0.21256;0.015464
1575;1414;-24.0213;-33.63;41.328;-0.0570182;0.194473;0.0185364
1598;1414;-25.5735;-34.3367;42.8137;-0.0849492;0.183049;0.0309232
1621;1414;-28.1132;-33.1749;43.4848;-0.103049;0.169296;0.0590697
655;1437;24.4863;-30.3946;39.0309;-0.0181867;0.217572;-0.0196324
678;1437;24.0497;-29.5895;38.1304;-0.0399738;0.232312;-0.0279262
701;1437;22.5682;-28.4939;36.3487;-0.0573552;0.212865;-0.0294006
724;1437;21.3105;-28.2568;35.3919;-0.0616208;0.200903;-0.0250564
747;1437;19.6252;-27.3452;33.6587;-0.0682884;0.212489;-0.0229027
770;1437;18.0325;-26.9015;32.3862;-0.061278;0.207778;-0.0320923
793;1437;16.7114;-26.8513;31.627;-0.0612421;0.21431;-0.031146
816;1437;15.119;-26.291;30.3282;-0.0598296;0.209457;-0.0281567
839;1437;13.8662;-26.1647;29.6119;-0.0520436;0.206716;-0.0332409
862;1437;12.6591;-26.163;29.0647;-0.0485603;0.208104;-0.0333227
885;1437;11.5753;-26.1704;28.616;-0.0523257;0.210007;-0.0315703
908;1437;10.1853;-26.3128;28.2153;-0.0501619;0.210865;-0.0347649
931;1437;9.20468;-26.613;28.1599;-0.0448164;0.200372;-0.0265815
954;1437;8.07537;-26.3529;27.5624;-0.0472266;0.198475;-0.023683
977;1437;6.97837;-26.6376;27.5365;-0.042767;0.199818;-0.0288505
1000;1437;6.06111;-26.8674;27.5425;-0.0417899;0.208978;-0.0165881
1023;1437;5.01381;-26.4793;26.9498;-0.0419024;0.198824;-0.00532517
1046;1437;4.08902;-26.4066;26.7213;-0.0433978;0.202358;-0.0135877
1069;1437;2.97166;-26.6988;26.8636;-0.0452466;0.209268;-0.00882326
1092;1437;1.95832;-26.3722;26.4448;-0.0412137;0.198613;-0.00400731
1115;1437;1.03473;-26.5255;26.5457;-0.0403006;0.199482;-0.0093838
1138;1437;0.0621022;-26.9235;26.9235;-0.0415673;0.201083;0.000912006
1161;1437;-0.918962;-26.4277;26.4436;-0.0373664;0.19292;0.0080778
1184;1437;-1.69256;-26.4595;26.5136;-0.0357317;0.200877;0.00275897
1207;1437;-2.59382;-26.6826;26.8084;-0.0388217;0.207273;0.0112336
1230;1437;-3.51483;-26.2737;26.5077;-0.0474603;0.206085;0.0100299
1253;1437;-4.83163;-26.8206;27.2523;-0.0492587;0.194744;0.000493058
1276;1437;-5.84535;-26.9906;27.6163;-0.0421658;0.203272;0.0172816
1299;1437;-6.81451;-26.6038;27.4627;-0.0476879;0.210505;0.0182651
1322;1437;-8.09396;-27.0059;28.1927;-0.0477396;0.204894;0.0151873
1345;1437;-9.06669;-26.9109;28.3972;-0.0394309;0.198329;0.0269785
1368;1437;-9.94956;-26.3725;28.1869;-0.0429519;0.201743;0.0286081
1391;1437;-11.0896;-26.4217;28.6546;-0.042268;0.217202;0.0329077
1414;1437;-11.9392;-25.9144;28.5324;-0.049041;0.21766;0.0284912
1437;1437;-13.4038;-26.5287;29.7226;-0.065877;0.204623;0.00917768
1460;1437;-15.0978;-27.2638;31.165;-0.0695194;0.209371;0.0136237
1483;1437;-16.7411;-27.8299;32.4772;-0.0656337;0.202369;0.0257477
1506;1437;-18.2263;-27.7849;33.2295;-0.0549662;0.206705;0.0325415
1529;1437;-19.3435;-28.0075;34.0381;-0.0620459;0.21565;0.0191125
1552;1437;-21.1958;-29.1267;36.0226;-0.074013;0.222033;0.0169353
1575;1437;-22.9236;-29.8319;37.6223;-0.0707327;0.20409;0.0142785
1598;1437;-24.6059;-30.7879;39.4125;-0.0707518;0.183709;0.0147637
1621;1437;-26.3219;-31.1232;40.7614;-0.071718;0.120508;0.0342756
655;1460;22.8671;-26.2966;34.8484;-0.0845494;0.192195;0.011032
678;1460;20.7425;-24.3564;31.9919;-0.067513;0.217818;-0.0122971
701;1460;19.556;-23.478;30.5558;-0.0414526;0.223841;-0.0436137
724;1460;18.7887;-23.6417;30.1984;-0.0501651;0.224662;-0.042682
747;1460;17.1816;-22.7645;28.5207;-0.0631425;0.215423;-0.0324091
770;1460;15.7695;-22.4462;27.4319;-0.0567378;0.214036;-0.0422112
793;1460;14.4915;-22.395;26.6747;-0.0576999;0.213379;-0.0374651
816;1460;13.0303;-21.8853;25.4707;-0.0547049;0.209148;-0.0331714
839;1460;11.8982;-21.8042;24.8393;-0.0486148;0.206875;-0.0395556
862;1460;10.7369;-21.8945;24.3854;-0.044948;0.200371;-0.0366306
885;1460;9.7819;-21.7743;23.8706;-0.0434991;0.208124;-0.0361828
908;1460;8.69038;-21.9107;23.5712;-0.0428508;0.205191;-0.0375355
931;1460;7.7627;-22.3615;23.6706;-0.0387043;0.200062;-0.0296436
954;1460;6.87313;-22.2072;23.2465;-0.0419538;0.194783;-0.0209732
977;1460;5.79024;-22.1961;22.9389;-0.0408107;0.204836;-0.0211198
1000;1460;4.95586;-22.2521;22.7973;-0.0326767;0.208067;-0.018807
1023;1460;4.26165;-22.1217;22.5285;-0.0348195;0.20058;-0.0129015
1046;1460;3.32521;-22.1853;22.4331;-0.0377957;0.19731;-0.0173594
1069;1460;2.48781;-22.4314;22.569;-0.0347121;0.195439;-0.00974362
1092;1460;1.69945;-22.3463;22.4109;-0.0333536;0.19198;-0.00527477
1115;1460;0.927027;-22.3733;22.3925;-0.0358316;0.196099;-0.00687866
1138;1460;0.0198208;-22.6017;22.6017;-0.0363762;0.199896;-0.00140554
1161;1460;-0.777893;-22.4181;22.4316;-0.0317315;0.193945;0.00657084
1184;1460;-1.46515;-22.2487;22.2969;-0.0315131;0.191383;0.0012423
1207;1460;-2.2511;-22.4567;22.5692;-0.0321196;0.194308;0.00795342
1230;1460;-2.96757;-22.0623;22.261;-0.0398464;0.194344;0.00793158
1253;1460;-4.12246;-22.6385;23.0107;-0.0440656;0.199752;0.0047127
1276;1460;-5.04552;-22.6689;23.2236;-0.0365115;0.205206;0.0228584
1299;1460;-5.83641;-22.1597;22.9155;-0.0403639;0.20217;0.0211484
1322;1460;-6.94144;-22.5684;23.6118;-0.0458281;0.199166;0.0136029
1345;1460;-7.9996;-22.7842;24.1477;-0.0402489;0.195273;0.0273901
1368;1460;-8.83266;-22.2816;23.9684;-0.0378856;0.194113;0.0358433
1391;1460;-9.78315;-22.0272;24.102;-0.0356361;0.191942;0.0350211
1414;1460;-10.5056;-21.7326;24.1386;-0.0433371;0.184847;0.0300071
1437;1460;-11.822;-21.9043;24.8909;-0.0603971;0.200625;0.0211788
1460;1460;-13.3827;-22.6341;26.2945;-0.0612064;0.204463;0.0182153
1483;1460;-14.7543;-23.3685;27.6365;-0.0519286;0.210126;0.0333462
1506;1460;-15.8413;-23.252;28.1354;-0.0505566;0.219121;0.044173
1529;1460;-17.1419;-23.4253;29.0274;-0.0620046;0.214935;0.028256
1552;1460;-18.8033;-24.4051;30.8086;-0.0691843;0.225218;0.0245804
1575;1460;-20.478;-25.1584;32.4391;-0.0755434;0.221958;0.0186282
1598;1460;-22.4792;-26.6349;34.853;-0.0695944;0.211004;0.00711941
1621;1460;-23.901;-28.104;36.8929;-0.0578655;0.178897;0.0120167
655;1483;20.5872;-22.4116;30.4321;-0.0554491;0.204328;-0.0108334
678;1483;19.2057;-20.6865;28.2274;-0.0630247;0.181578;-0.00343202
701;1483;17.4835;-19.3809;26.1016;-0.0612331;0.189978;-0.0263217
724;1483;16.2681;-19.1084;25.0955;-0.0542244;0.212933;-0.0421349
747;1483;14.9092;-18.5234;23.7781;-0.0593514;0.207082;-0.0378587
770;1483;13.4405;-18.1228;22.5628;-0.0543209;0.211188;-0.0452621
793;1483;12.3363;-18.0802;21.8878;-0.0486817;0.209232;-0.0427462
816;1483;11.1412;-17.6532;20.8749;-0.048465;0.198529;-0.0363351
839;1483;10.0475;-17.6036;20.2692;-0.0435999;0.193513;-0.0418611
862;1483;9.08952;-17.8378;20.0202;-0.0411974;0.19091;-0.0341822
885;1483;8.11166;-17.5372;19.3223;-0.0381038;0.192928;-0.0327567
908;1483;7.30195;-17.7596;19.2021;-0.0294634;0.189356;-0.0386994
931;1483;6.73025;-18.239;19.4411;-0.0309032;0.195056;-0.0313659
954;1483;5.85581;-18.1736;19.0937;-0.0367655;0.188124;-0.0202344
977;1483;5.00638;-18.0576;18.7387;-0.0357681;0.188854;-0.017742
1000;1483;4.17994;-18.159;18.6339;-0.0279672;0.188623;-0.0145674
1023;1483;3.70137;-18.0446;18.4203;-0.0293748;0.192415;-0.0132425
1046;1483;2.80821;-18.0984;18.315;-0.031241;0.190806;-0.0172426
1069;1483;2.23923;-18.4534;18.5888;-0.0304495;0.192298;-0.0102837
1092;1483;1.38524;-18.26;18.3124;-0.0330891;0.193472;-0.00410361
1115;1483;0.690619;-18.2505;18.2636;-0.0300088;0.193238;-0.00661371
1138;1483;-0.0171692;-18.4996;18.4997;-0.0302806;0.191895;-0.000948389
1161;1483;-0.724043;-18.236;18.2503;-0.0322933;0.191753;0.0027532
1184;1483;-1.52765;-18.3679;18.4313;-0.0287003;0.183889;-0.00209852
1207;1483;-2.06443;-18.479;18.5939;-0.0215519;0.188697;0.00885101
1230;1483;-2.53091;-18.075;18.2513;-0.0333744;0.183228;0.00783642
1253;1483;-3.62621;-18.4156;18.7693;-0.0366771;0.192188;0.00767573
1276;1483;-4.25126;-18.3839;18.869;-0.0274839;0.19183;0.0180575
1299;1483;-4.90928;-18.1249;18.778;-0.037412;0.185114;0.0126614
1322;1483;-6.00647;-18.6504;19.5938;-0.0399913;0.189407;0.0127601
1345;1483;-6.79116;-18.7148;19.9088;-0.0307602;0.195377;0.0310778
1368;1483;-7.44586;-18.2318;19.6936;-0.0346598;0.196532;0.0345218
1391;1483;-8.41545;-18.374;20.2095;-0.0374221;0.177509;0.0300962
1414;1483;-9.20083;-18.1484;20.3475;-0.0378009;0.167283;0.0311894
1437;1483;-10.1889;-18.1714;20.833;-0.0477223;0.174421;0.0244484
1460;1483;-11.4557;-18.7843;22.0019;-0.0533653;0.194652;0.0288354
1483;1483;-12.7241;-19.1571;22.9978;-0.0510698;0.210328;0.0450535
1506;1483;-13.8682;-18.7911;23.3545;-0.0502281;0.214375;0.0455977
1529;1483;-15.0958;-19.1662;24.3973;-0.0555835;0.203522;0.0312297
1552;1483;-16.5152;-19.9252;25.8798;-0.0637871;0.216754;0.0269602
1575;1483;-18.1597;-20.7626;27.5837;-0.0740806;0.21602;0.0218358
1598;1483;-20.1161;-22.1178;29.8974;-0.0680677;0.226738;0.0142621
1621;1483;-21.509;-23.7384;32.0336;-0.056247;0.21435;0.00793426
655;1506;17.4714;-17.9679;25.0619;-0.0350328;0.239314;-0.0454286
678;1506;16.6207;-16.8078;23.6379;-0.051078;0.211214;-0.0334864
701;1506;14.996;-15.6339;21.6633;-0.0626509;0.206338;-0.0372031
724;1506;13.6026;-14.9586;20.2186;-0.0579607;0.212139;-0.0449015
747;1506;12.2268;-14.2868;18.8044;-0.0587363;0.208917;-0.0444186
770;1506;10.8011;-13.8104;17.5326;-0.0520234;0.208847;-0.0499833
793;1506;9.76541;-13.8135;16.9168;-0.0400233;0.203246;-0.0512231
816;1506;8.92138;-13.67;16.3236;-0.0356689;0.19049;-0.0482744
839;1506;8.09425;-13.7627;15.9665;-0.0330872;0.18857;-0.0462659
862;1506;7.37258;-13.9258;15.757;-0.0329906;0.192879;-0.037688
885;1506;6.55077;-13.7185;15.2023;-0.0321695;0.182677;-0.0359087
908;1506;5.86817;-13.9719;15.1542;-0.0270493;0.181311;-0.0364989
931;1506;5.28679;-14.1827;15.136;-0.0246638;0.19013;-0.0356226
954;1506;4.71818;-14.286;15.045;-0.0259204;0.191462;-0.0287438
977;1506;4.07856;-14.2303;14.8033;-0.0248422;0.183724;-0.0223454
1000;1506;3.56088;-14.2863;14.7233;-0.0245938;0.185627;-0.0130622
1023;1506;2.93242;-14.0058;14.3095;-0.0294999;0.187671;-0.0147484
1046;1506;2.18298;-14.1281;14.2957;-0.0262493;0.188141;-0.0167774
1069;1506;1.70764;-14.3094;14.4109;-0.0240818;0.191904;-0.0106572
1092;1506;1.06152;-14.1765;14.2162;-0.0239882;0.189334;-0.00500086
1115;1506;0.590513;-14.21;14.2223;-0.0246512;0.183934;-0.00721336
1138;1506;-0.087862;-14.4899;14.4901;-0.0271569;0.18796;-0.00207085
1161;1506;-0.676261;-14.3119;14.3278;-0.0275107;0.185487;0.0029345
1184;1506;-1.37127;-14.4508;14.5157;-0.0234885;0.187255;0.00484178
1207;1506;-1.77002;-14.4721;14.58;-0.0199357;0.184625;0.0101627
1230;1506;-2.29792;-14.2945;14.4781;-0.0266215;0.179437;0.00600614
1253;1506;-3.01139;-14.5265;14.8353;-0.0297491;0.183469;0.0102265
1276;1506;-3.68825;-14.5765;15.0359;-0.0276352;0.18001;0.0180751
1299;1506;-4.30108;-14.3355;14.9669;-0.0280195;0.176636;0.0175857
1322;1506;-4.99573;-14.5889;15.4206;-0.0269192;0.190495;0.0210801
1345;1506;-5.55723;-14.5913;15.6137;-0.0206069;0.189254;0.0342919
1368;1506;-5.95667;-14.0649;15.2743;-0.030982;0.188314;0.0305078
1391;1506;-7.0052;-14.5529;16.1512;-0.0384386;0.184154;0.0245281
1414;1506;-7.76424;-14.6625;16.5914;-0.0357801;0.175361;0.0343313
1437;1506;-8.68164;-14.5724;16.9625;-0.0338558;0.179741;0.0378019
1460;1506;-9.34901;-14.5647;17.3071;-0.0360546;0.194022;0.0422719
1483;1506;-10.3714;-14.7159;18.0035;-0.0437293;0.202647;0.0501305
1506;1506;-11.4067;-14.4472;18.4075;-0.0487094;0.203609;0.0492375
1529;1506;-12.6707;-15.0441;19.669;-0.0566747;0.195099;0.0377445
1552;1506;-14.1057;-15.5304;20.9801;-0.0584738;0.215611;0.0409404
1575;1506;-15.4635;-16.3401;22.4971;-0.0643991;0.23666;0.0403953
1598;1506;-17.2121;-17.4279;24.4946;-0.0721288;0.240381;0.0255137
1621;1506;-19.0164;-19.3384;27.1219;-0.0719199;0.242087;0.00904615
655;1529;13.3422;-12.9473;18.5915;-0.0130676;0.231735;-0.0693762
678;1529;13.0264;-12.1734;17.8292;-0.0387475;0.231143;-0.0544328
701;1529;11.4825;-11.0375;15.9272;-0.059494;0.224505;-0.0552944
724;1529;10.1725;-10.55;14.6555;-0.0500206;0.221109;-0.0622292
747;1529;9.10997;-10.0577;13.5702;-0.0461254;0.204568;-0.0553395
770;1529;7.98963;-9.6239;12.5081;-0.0395919;0.188341;-0.0545659
793;1529;7.25021;-9.7638;12.1613;-0.0324655;0.18814;-0.0556577
816;1529;6.47082;-9.79834;11.7422;-0.0278135;0.183316;-0.0509503
839;1529;5.95248;-9.77743;11.4468;-0.0219863;0.187396;-0.0466908
862;1529;5.44807;-9.81002;11.2213;-0.0257559;0.184794;-0.0426049
885;1529;4.7519;-9.89206;10.9742;-0.0223807;0.178766;-0.0409678
908;1529;4.40556;-10.1413;11.0569;-0.0215754;0.181675;-0.0373101
931;1529;3.74683;-10.2785;10.9401;-0.0259163;0.181433;-0.0304765
954;1529;3.19755;-10.1439;10.636;-0.0182854;0.185836;-0.0280544
977;1529;2.89786;-10.3075;10.7071;-0.0112238;0.185151;-0.0254503
1000;1529;2.678;-10.3137;10.6557;-0.0169414;0.181019;-0.0186715
1023;1529;2.11145;-10.1216;10.3395;-0.0234038;0.176668;-0.014449
1046;1529;1.58822;-10.1473;10.2708;-0.0176283;0.183456;-0.0150344
1069;1529;1.2927;-10.3494;10.4298;-0.0171115;0.183924;-0.0111305
1092;1529;0.794118;-10.2515;10.2823;-0.0195179;0.180732;-0.00691744
1115;1529;0.385822;-10.4517;10.4588;-0.0190198;0.179777;-0.00742994
1138;1529;-0.0902076;-10.5419;10.5422;-0.0189288;0.183255;0.000757351
1161;1529;-0.493369;-10.3757;10.3874;-0.0169964;0.182149;0.00379569
1184;1529;-0.878911;-10.4416;10.4785;-0.0172952;0.181457;0.00424905
1207;1529;-1.29683;-10.6576;10.7362;-0.021906;0.181338;0.00854631
1230;1529;-1.89788;-10.4562;10.6271;-0.0219147;0.179491;0.0119273
1253;1529;-2.3162;-10.6502;10.8991;-0.0187451;0.179937;0.0116775
1276;1529;-2.7694;-10.7592;11.1099;-0.0196509;0.176926;0.0191177
1299;1529;-3.2292;-10.6394;11.1186;-0.0201068;0.17913;0.0251698
1322;1529;-3.70396;-10.6423;11.2685;-0.0208065;0.182833;0.0250774
1345;1529;-4.19666;-10.7686;11.5574;-0.0191469;0.180953;0.0331985
1368;1529;-4.59436;-10.3355;11.3106;-0.0245448;0.172605;0.0306979
1391;1529;-5.34007;-10.6537;11.9171;-0.0279191;0.18485;0.0310266
1414;1529;-5.89938;-10.789;12.2966;-0.02923;0.187399;0.0410409
1437;1529;-6.7049;-10.6502;12.585;-0.0287907;0.189873;0.0459333
1460;1529;-7.2434;-10.7532;12.9653;-0.0286266;0.184055;0.0436363
1483;1529;-8.04148;-10.8278;13.4872;-0.0309782;0.184969;0.0539242
1506;1529;-8.69209;-10.469;13.6071;-0.0428084;0.183521;0.0501533
1529;1529;-10.056;-11.1638;15.0251;-0.0459656;0.191553;0.0506388
1552;1529;-10.8633;-11.1847;15.5919;-0.035529;0.204658;0.0653622
1575;1529;-11.7207;-11.3001;16.2809;-0.0582218;0.22431;0.0532354
1598;1529;-13.6449;-12.5174;18.5167;-0.0787013;0.222628;0.0327694
1621;1529;-15.583;-14.0124;20.9566;-0.0786029;0.268238;0.0277574
655;1552;9.12306;-8.94965;12.7799;-0.00310096;0.225935;-0.0616863
678;1552;9.01778;-7.7043;11.8607;-0.0333667;0.238305;-0.0694565
701;1552;7.50821;-6.77006;10.1097;-0.056056;0.218015;-0.0692043
724;1552;6.33633;-6.19607;8.8623;-0.0376697;0.200105;-0.0714617
747;1552;5.73591;-6.06874;8.35047;-0.0241418;0.185349;-0.0732374
770;1552;5.21201;-6.12783;8.04459;-0.0226753;0.173477;-0.0649498
793;1552;4.68074;-6.08873;7.67997;-0.0235806;0.176919;-0.0582023
816;1552;4.1142;-6.10994;7.366;-0.0207726;0.172922;-0.05011
839;1552;3.71499;-6.00508;7.06131;-0.0135751;0.173195;-0.0501076
862;1552;3.48528;-6.23285;7.14112;-0.013516;0.168124;-0.0475034
885;1552;3.08841;-6.23435;6.9574;-0.0143652;0.171061;-0.0400451
908;1552;2.81952;-6.3477;6.94572;-0.0146036;0.179626;-0.0401922
931;1552;2.41051;-6.55849;6.98744;-0.0150203;0.177979;-0.0316308
954;1552;2.12315;-6.47407;6.81332;-0.0107903;0.174593;-0.0236824
977;1552;1.91125;-6.42641;6.7046;-0.0114592;0.177794;-0.0255667
1000;1552;1.59267;-6.6374;6.82581;-0.011639;0.174726;-0.0215827
1023;1552;1.37262;-6.51541;6.65843;-0.0117981;0.168866;-0.013113
1046;1552;1.04587;-6.35917;6.4446;-0.0125917;0.167552;-0.0123358
1069;1552;0.789707;-6.51788;6.56555;-0.0110594;0.172245;-0.0124852
1092;1552;0.53406;-6.50549;6.52737;-0.0119062;0.172072;-0.00674968
1115;1552;0.238687;-6.57519;6.57952;-0.0138368;0.177009;-0.00656983
1138;1552;-0.107389;-6.71687;6.71773;-0.0146472;0.175043;-0.000332313
1161;1552;-0.440093;-6.58293;6.59762;-0.0114792;0.171273;0.00212126
1184;1552;-0.638513;-6.75359;6.78371;-0.0109824;0.17237;0.00317977
1207;1552;-0.948519;-6.78088;6.84689;-0.0117993;0.179186;0.0102056
1230;1552;-1.18458;-6.6814;6.78559;-0.0131213;0.172018;0.0125998
1253;1552;-1.55628;-6.90397;7.0772;-0.0155349;0.174686;0.0118122
1276;1552;-1.9066;-7.08281;7.33494;-0.0112382;0.174144;0.021271
1299;1552;-2.07637;-6.77131;7.08251;-0.0124859;0.177099;0.0257331
1322;1552;-2.48498;-6.89119;7.32555;-0.0157545;0.174261;0.0238163
1345;1552;-2.80735;-6.97944;7.52289;-0.0153559;0.179025;0.0322686
1368;1552;-3.19699;-6.78405;7.4996;-0.0154157;0.167607;0.0351015
1391;1552;-3.52228;-6.82997;7.68472;-0.0146768;0.178685;0.0392129
1414;1552;-3.87723;-6.86695;7.88593;-0.0182941;0.179568;0.0442697
1437;1552;-4.3718;-6.71179;8.01005;-0.0241325;0.179484;0.0483249
1460;1552;-5.0011;-6.93624;8.55117;-0.0261221;0.176345;0.0460829
1483;1552;-5.59111;-7.08817;9.02788;-0.0251378;0.177841;0.0567309
1506;1552;-6.17236;-6.91906;9.27208;-0.0281023;0.172778;0.0586394
1529;1552;-6.90282;-7.25393;10.0134;-0.0326207;0.188361;0.0643948
1552;1552;-7.69984;-7.29865;10.6093;-0.0353029;0.189658;0.0705653
1575;1552;-8.55674;-7.40759;11.3177;-0.0563739;0.187635;0.0556867
1598;1552;-10.3886;-8.54984;13.4545;-0.0758386;0.20298;0.0602431
1621;1552;-12.2092;-8.72703;15.0076;-0.0759945;0.220695;0.0806966
655;1575;4.6632;-4.20398;6.27844;-0.0398673;0.217789;-0.0596029
678;1575;3.69753;-3.06008;4.79957;-0.0385277;0.186884;-0.0729643
701;1575;2.82619;-2.59756;3.83858;-0.0260783;0.161429;-0.0752337
724;1575;2.48012;-2.66434;3.64001;-0.0151879;0.141609;-0.0682246
747;1575;2.12212;-2.65768;3.40098;-0.0125828;0.136722;-0.0602439
770;1575;1.89755;-2.58578;3.20733;-0.0081935;0.137041;-0.0541144
793;1575;1.74347;-2.52475;3.06823;-0.00508276;0.133351;-0.0513217
816;1575;1.6631;-2.6505;3.12907;-0.00694649;0.1318;-0.0446078
839;1575;1.42276;-2.59431;2.95883;-0.00817463;0.131699;-0.0419951
862;1575;1.28528;-2.79898;3.07998;-0.00594372;0.134052;-0.0390246
885;1575;1.14835;-2.72304;2.95527;-0.00541057;0.136389;-0.0311103
908;1575;1.03536;-2.61729;2.81463;-0.00449048;0.138559;-0.0314682
931;1575;0.941275;-2.78703;2.94169;-0.00423439;0.140067;-0.0280311
954;1575;0.839922;-2.7649;2.88966;-0.0050042;0.141148;-0.0237984
977;1575;0.710502;-2.79448;2.88339;-0.00143995;0.140103;-0.0233367
1000;1575;0.773403;-2.91135;3.01232;-0.00315287;0.149585;-0.0201827
1023;1575;0.565009;-2.94031;2.9941;-0.00718376;0.144311;-0.0175899
1046;1575;0.441652;-3.00817;3.04042;-0.00568512;0.139552;-0.0140826
1069;1575;0.302675;-3.02062;3.03574;-0.00452702;0.143477;-0.00883566
1092;1575;0.232857;-2.92337;2.93263;-0.00607472;0.145083;-0.00531699
1115;1575;0.022287;-2.92626;2.92635;-0.0074643;0.145761;-0.00572696
1138;1575;-0.112107;-3.09299;3.09502;-0.00595884;0.14832;-0.00136538
1161;1575;-0.252889;-3.07683;3.0872;-0.00517987;0.144964;0.00351559
1184;1575;-0.351002;-3.10127;3.12107;-0.00388104;0.147213;0.00666136
1207;1575;-0.431771;-3.05191;3.08231;-0.00493515;0.146785;0.00891951
1230;1575;-0.578601;-3.14354;3.19634;-0.00664027;0.144131;0.00992782
1253;1575;-0.738627;-3.23873;3.32189;-0.00793801;0.150989;0.0123791
1276;1575;-0.945808;-3.37708;3.50702;-0.00690073;0.155651;0.0208281
1299;1575;-1.05724;-3.15325;3.32577;-0.00620314;0.147282;0.0228568
1322;1575;-1.23214;-3.28165;3.50534;-0.0054327;0.149416;0.0248156
1345;1575;-1.30791;-3.24017;3.49419;-0.0055721;0.151181;0.0292258
1368;1575;-1.48918;-3.27258;3.59547;-0.00590869;0.145549;0.0337267
1391;1575;-1.58054;-3.1928;3.5626;-0.00867333;0.150488;0.0356223
1414;1575;-1.88991;-3.31138;3.81274;-0.0104795;0.149327;0.0394797
1437;1575;-2.06517;-3.22686;3.83113;-0.0118916;0.143032;0.0420105
1460;1575;-2.44049;-3.46882;4.24131;-0.013818;0.149787;0.0466057
1483;1575;-2.70629;-3.53462;4.45169;-0.0108454;0.153909;0.0570671
1506;1575;-2.94214;-3.42063;4.51187;-0.0164844;0.151777;0.0598159
1529;1575;-3.47097;-3.59345;4.99605;-0.0215242;0.15886;0.0662112
1552;1575;-3.94352;-3.6053;5.34318;-0.0270729;0.162307;0.0719937
1575;1575;-4.73417;-3.80939;6.0765;-0.042306;0.163016;0.0691923
1598;1575;-5.94212;-4.52035;7.46608;-0.0487379;0.197947;0.0754572
1621;1575;-7.06427;-5.44672;8.92024;-0.0467878;0.198821;0.09053
655;1598;0.572651;-0.501765;0.761378;-0.0206897;0.189736;-0.0878464
678;1598;0.0917385;-0.532703;0.540545;-0.0137462;0.128213;-0.0761656
701;1598;-0.0641804;-0.407604;0.412626;-0.00132395;0.107645;-0.0620109
724;1598;0.0307544;-0.470545;0.471549;0.00211879;0.105602;-0.0541423
747;1598;0.0331339;-0.473339;0.474497;0.000236436;0.103606;-0.0453369
770;1598;0.0416286;-0.463276;0.465142;-0.000548402;0.0997967;-0.0409735
793;1598;0.00786798;-0.528036;0.528094;0.000400943;0.0934292;-0.0388944
816;1598;0.0599655;-0.560536;0.563734;-0.000445456;0.0974257;-0.0337344
839;1598;-0.0127213;-0.435197;0.435383;-0.000890503;0.100228;-0.0310326
862;1598;0.0189825;-0.548284;0.548612;0.000382939;0.10416;-0.0274771
885;1598;0.00489022;-0.430028;0.430055;-0.000759771;0.105902;-0.0235522
908;1598;-0.0161063;-0.44065;0.440944;-0.000358578;0.100159;-0.0245041
931;1598;-0.0118176;-0.569088;0.56921;-0.0011464;0.101941;-0.0205748
954;1598;-0.068872;-0.430511;0.435985;-0.00132393;0.107426;-0.0179092
977;1598;-0.0730106;-0.417001;0.423344;-0.000740634;0.109292;-0.0146574
1000;1598;-0.103376;-0.233506;0.255366;-0.00159929;0.123932;-0.0178463
1023;1598;-0.146741;-0.319468;0.351557;-0.00135381;0.120921;-0.0168437
1046;1598;-0.165837;-0.348462;0.385912;0.000505269;0.122675;-0.0134815
1069;1598;-0.123509;-0.341616;0.363258;0.00217623;0.123433;-0.00820699
1092;1598;-0.0659252;-0.259632;0.267871;0.000556045;0.122606;-0.005988
1115;1598;-0.0979577;-0.299495;0.315108;0.000102452;0.120743;-0.00354708
1138;1598;-0.0612771;-0.336653;0.342184;-0.000163856;0.127024;0.000617608
1161;1598;-0.105513;-0.339521;0.355538;0.000209246;0.126116;0.00217424
1184;1598;-0.0517307;-0.421355;0.424519;0.000655788;0.123391;0.00492721
1207;1598;-0.0755416;-0.469952;0.475985;2.32214e-06;0.11868;0.00699937
1230;1598;-0.0516652;-0.482958;0.485714;-0.00139385;0.12263;0.0118613
1253;1598;-0.139717;-0.435138;0.457018;-0.000518855;0.129664;0.0135481
1276;1598;-0.0755596;-0.439079;0.445533;0.00152705;0.136613;0.0185014
1299;1598;-0.0695402;-0.471515;0.476615;-0.000310989;0.124317;0.0204656
1322;1598;-0.0899411;-0.521433;0.529133;-0.00096161;0.128444;0.0238159
1345;1598;-0.113868;-0.55289;0.564494;-0.000861811;0.125011;0.0249092
1368;1598;-0.129679;-0.605937;0.619658;-0.00125419;0.124409;0.030531
1391;1598;-0.171672;-0.469314;0.499727;-0.000817283;0.1273;0.0309486
1414;1598;-0.167298;-0.577476;0.601221;-0.00233591;0.128734;0.0344777
1437;1598;-0.279862;-0.706322;0.759746;-0.00284212;0.118606;0.0371253
1460;1598;-0.298408;-0.708067;0.768379;-0.00127323;0.131573;0.0460304
1483;1598;-0.338485;-0.745531;0.818772;-0.0045538;0.133916;0.0512684
1506;1598;-0.508362;-0.705664;0.869709;-0.00265202;0.130608;0.0515705
1529;1598;-0.460745;-0.844035;0.961603;-0.00277008;0.135249;0.0637479
1552;1598;-0.636131;-0.829746;1.04553;-0.00760455;0.138297;0.0693751
1575;1598;-0.812183;-1.0062;1.29309;-0.0093512;0.143843;0.0822991
1598;1598;-1.06866;-1.00686;1.46826;-0.00830736;0.186877;0.0992272
1621;1598;-1.19829;-1.47135;1.89757;-0.00541643;0.220303;0.11496
